9.646711e+01 4.466034e+01 4.466034e+01 9.646711e+01
2.601156e+01 4.466034e+01 4.466034e+01 2.601156e+01
9.539345e+01 4.466034e+01 4.466034e+01 9.539345e+01
3.664274e+01 4.466034e+01 4.466034e+01 3.664274e+01
5.823475e+01 4.466034e+01 4.466034e+01 5.823475e+01
6.862831e+01 4.466034e+01 4.466034e+01 6.862831e+01
1.048353e+02 4.466034e+01 4.466034e+01 1.048353e+02
1.097067e+02 4.466034e+01 4.466034e+01 1.097067e+02
2.837122e+01 4.466034e+01 4.466034e+01 2.837122e+01
2.596496e+01 4.466034e+01 4.466034e+01 2.596496e+01
1.983159e+01 4.466034e+01 4.466034e+01 1.983159e+01
4.922034e+01 4.466034e+01 4.466034e+01 4.922034e+01
1.443231e+01 4.466034e+01 4.466034e+01 1.443231e+01
2.628237e+01 4.466034e+01 4.466034e+01 2.628237e+01
8.406982e+01 4.466034e+01 4.466034e+01 8.406982e+01
5.325840e+01 4.466034e+01 4.466034e+01 5.325840e+01
5.373859e+01 4.466034e+01 4.466034e+01 5.373859e+01
1.051496e+01 4.466034e+01 4.466034e+01 1.051496e+01
-7.084158e+00 4.466034e+01 4.466034e+01 -7.084158e+00
-3.618374e+00 4.466034e+01 4.466034e+01 -3.618374e+00
5.897521e+01 4.466034e+01 4.466034e+01 5.897521e+01
6.273139e+01 4.466034e+01 4.466034e+01 6.273139e+01
9.978281e+01 4.466034e+01 4.466034e+01 9.978281e+01
3.577966e+01 4.466034e+01 4.466034e+01 3.577966e+01
2.538774e+00 4.466034e+01 4.466034e+01 2.538774e+00
1.830292e+01 4.466034e+01 4.466034e+01 1.830292e+01
