2.142363e+02 5.609391e+01 5.609391e+01 2.142363e+02
3.264980e+01 5.609391e+01 5.609391e+01 3.264980e+01
1.021238e+02 5.609391e+01 5.609391e+01 1.021238e+02
8.687430e+01 5.609391e+01 5.609391e+01 8.687430e+01
1.053989e+02 5.609391e+01 5.609391e+01 1.053989e+02
4.557349e+01 5.609391e+01 5.609391e+01 4.557349e+01
9.325565e+01 5.609391e+01 5.609391e+01 9.325565e+01
1.730556e+02 5.609391e+01 5.609391e+01 1.730556e+02
3.757231e+01 5.609391e+01 5.609391e+01 3.757231e+01
-1.033567e+01 5.609391e+01 5.609391e+01 -1.033567e+01
1.729515e+01 5.609391e+01 5.609391e+01 1.729515e+01
1.317877e+02 5.609391e+01 5.609391e+01 1.317877e+02
7.609170e+00 5.609391e+01 5.609391e+01 7.609170e+00
2.866005e+01 5.609391e+01 5.609391e+01 2.866005e+01
1.118693e+02 5.609391e+01 5.609391e+01 1.118693e+02
9.591823e+01 5.609391e+01 5.609391e+01 9.591823e+01
8.948074e+00 5.609391e+01 5.609391e+01 8.948074e+00
2.418090e+01 5.609391e+01 5.609391e+01 2.418090e+01
5.846511e+00 5.609391e+01 5.609391e+01 5.846511e+00
-1.461022e+01 5.609391e+01 5.609391e+01 -1.461022e+01
1.210343e+02 5.609391e+01 5.609391e+01 1.210343e+02
3.769176e+01 5.609391e+01 5.609391e+01 3.769176e+01
8.479615e+01 5.609391e+01 5.609391e+01 8.479615e+01
7.602213e+01 5.609391e+01 5.609391e+01 7.602213e+01
2.548436e+01 5.609391e+01 5.609391e+01 2.548436e+01
2.810016e+01 5.609391e+01 5.609391e+01 2.810016e+01
