2.376449e+02 3.851113e+02 3.851113e+02 2.376449e+02
4.905219e+02 3.851113e+02 3.851113e+02 4.905219e+02
3.971532e+01 0.000000e+00 -4.099399e+01 8.070931e+01
-1.042326e+02 0.000000e+00 -4.099399e+01 -6.323862e+01
3.138487e+02 0.000000e+00 2.279503e+02 8.589833e+01
1.412636e+02 0.000000e+00 2.279503e+02 -8.668672e+01
-7.585331e+01 0.000000e+00 -3.345695e+01 -4.239636e+01
6.175521e+00 0.000000e+00 -3.345695e+01 3.963247e+01
2.662525e+02 0.000000e+00 1.273963e+02 1.388562e+02
-1.177047e+02 0.000000e+00 1.273963e+02 -2.451010e+02
-1.788085e+02 0.000000e+00 8.301573e+01 -2.618242e+02
3.262826e+02 0.000000e+00 8.301573e+01 2.432669e+02
1.136670e+02 0.000000e+00 6.514333e+01 4.852368e+01
1.800130e+01 0.000000e+00 6.514333e+01 -4.714203e+01
4.760617e+01 0.000000e+00 -3.898378e-01 4.799601e+01
-7.116669e+01 0.000000e+00 -3.898378e-01 -7.077686e+01
-4.030874e+01 0.000000e+00 -8.678469e+00 -3.163027e+01
2.381056e+01 0.000000e+00 -8.678469e+00 3.248903e+01
-4.525003e+00 0.000000e+00 3.397916e+01 -3.850416e+01
6.805525e+01 0.000000e+00 3.397916e+01 3.407609e+01
-1.096832e+02 0.000000e+00 -8.440094e+01 -2.528230e+01
-7.021813e+01 0.000000e+00 -8.440094e+01 1.418281e+01
-2.447632e+01 0.000000e+00 2.576633e+01 -5.024265e+01
9.339275e+01 0.000000e+00 2.576633e+01 6.762641e+01
-3.436420e+01 0.000000e+00 -8.928159e+01 5.491739e+01
-1.420510e+02 0.000000e+00 -8.928159e+01 -5.276937e+01
-3.040469e+01 0.000000e+00 -8.323933e+01 5.283463e+01
-1.390234e+02 0.000000e+00 -8.323933e+01 -5.578411e+01
2.121796e+00 0.000000e+00 3.293370e+01 -3.081191e+01
7.087363e+01 0.000000e+00 3.293370e+01 3.793993e+01
8.991229e+01 0.000000e+00 -3.765403e+01 1.275663e+02
-1.460465e+02 0.000000e+00 -3.765403e+01 -1.083925e+02
1.328125e+02 0.000000e+00 1.241020e+02 8.710518e+00
1.149698e+02 0.000000e+00 1.241020e+02 -9.132195e+00
5.741969e+01 0.000000e+00 -2.360253e+01 8.102221e+01
-1.792490e+02 0.000000e+00 -2.360253e+01 -1.556464e+02
-3.864807e+01 0.000000e+00 -1.846119e+01 -2.018688e+01
-4.827303e+00 0.000000e+00 -1.846119e+01 1.363388e+01
3.557296e+02 0.000000e+00 2.117944e+02 1.439351e+02
7.022561e+01 0.000000e+00 2.117944e+02 -1.415688e+02
1.618831e+02 0.000000e+00 6.878494e+01 9.309816e+01
6.176873e+00 0.000000e+00 6.878494e+01 -6.260807e+01
-5.251954e+01 0.000000e+00 7.909430e+00 -6.042897e+01
7.090876e+01 0.000000e+00 7.909430e+00 6.299933e+01
9.389295e+01 0.000000e+00 7.155721e+01 2.233574e+01
4.109978e+01 0.000000e+00 7.155721e+01 -3.045743e+01
7.940163e+00 0.000000e+00 -2.159232e+01 2.953248e+01
-5.882998e+01 0.000000e+00 -2.159232e+01 -3.723766e+01
-1.206817e+01 0.000000e+00 -2.168441e+01 9.616236e+00
-3.612432e+01 0.000000e+00 -2.168441e+01 -1.443991e+01
6.457620e+01 0.000000e+00 3.878078e+01 2.579543e+01
1.420640e+01 0.000000e+00 3.878078e+01 -2.457438e+01
