5.300587e-02 0.000000e+00 6.224814e+01 -6.219513e+01
1.176171e+02 0.000000e+00 6.224814e+01 5.536900e+01
5.268425e+01 0.000000e+00 1.538635e+01 3.729790e+01
-1.237863e+01 0.000000e+00 1.538635e+01 -2.776498e+01
3.531612e+01 0.000000e+00 7.646299e+01 -4.114687e+01
1.083551e+02 0.000000e+00 7.646299e+01 3.189211e+01
-3.066836e+00 0.000000e+00 5.063605e+00 -8.130441e+00
1.243283e+01 0.000000e+00 5.063605e+00 7.369229e+00
1.185926e+02 0.000000e+00 3.460602e+01 8.398659e+01
-8.378178e+01 0.000000e+00 3.460602e+01 -1.183878e+02
3.334320e+01 0.000000e+00 4.465824e+01 -1.131503e+01
5.751125e+01 0.000000e+00 4.465824e+01 1.285301e+01
4.842194e+01 0.000000e+00 7.956709e+01 -3.114515e+01
1.245576e+02 0.000000e+00 7.956709e+01 4.499056e+01
2.142509e+02 2.443181e+02 2.443181e+02 2.142509e+02
2.722975e+02 2.443181e+02 2.443181e+02 2.722975e+02
3.405534e+01 0.000000e+00 3.014173e+01 3.913604e+00
2.738952e+01 0.000000e+00 3.014173e+01 -2.752210e+00
4.848863e+01 0.000000e+00 2.207906e+01 2.640957e+01
1.301788e+00 0.000000e+00 2.207906e+01 -2.077728e+01
1.931399e+01 0.000000e+00 2.913215e+01 -9.818155e+00
3.805402e+01 0.000000e+00 2.913215e+01 8.921870e+00
6.282960e+01 0.000000e+00 3.146706e+01 3.136254e+01
-7.749996e+00 0.000000e+00 3.146706e+01 -3.921706e+01
2.417735e+01 0.000000e+00 9.513890e+00 1.466346e+01
-8.345785e+00 0.000000e+00 9.513890e+00 -1.785967e+01
-2.574134e+01 0.000000e+00 -1.267009e+01 -1.307124e+01
9.573229e-01 0.000000e+00 -1.267009e+01 1.362741e+01
-2.317622e+00 0.000000e+00 -7.564563e+00 5.246941e+00
-1.440572e+01 0.000000e+00 -7.564563e+00 -6.841152e+00
3.370003e+01 0.000000e+00 2.740651e+01 6.293519e+00
1.813107e+01 0.000000e+00 2.740651e+01 -9.275437e+00
2.395497e+01 0.000000e+00 4.359915e+01 -1.964417e+01
5.560436e+01 0.000000e+00 4.359915e+01 1.200521e+01
6.756622e+01 0.000000e+00 2.156868e+01 4.599754e+01
-2.983428e+01 0.000000e+00 2.156868e+01 -5.140296e+01
2.039091e+01 0.000000e+00 -3.016791e+01 5.055883e+01
-5.306366e+01 0.000000e+00 -3.016791e+01 -2.289575e+01
-4.700025e+01 0.000000e+00 -4.938499e+00 -4.206175e+01
4.464817e+01 0.000000e+00 -4.938499e+00 4.958666e+01
5.619532e+01 0.000000e+00 4.285056e+01 1.334476e+01
3.013500e+01 0.000000e+00 4.285056e+01 -1.271557e+01
3.609862e+01 0.000000e+00 7.986719e+01 -4.376858e+01
1.172877e+02 0.000000e+00 7.986719e+01 3.742053e+01
5.080127e+01 0.000000e+00 8.485011e+01 -3.404885e+01
1.273998e+02 0.000000e+00 8.485011e+01 4.254968e+01
4.061745e+01 0.000000e+00 2.101299e+01 1.960446e+01
-2.290517e+00 0.000000e+00 2.101299e+01 -2.330351e+01
3.695276e+01 0.000000e+00 1.505878e+01 2.189398e+01
-2.121495e+01 0.000000e+00 1.505878e+01 -3.627373e+01
8.548350e+00 0.000000e+00 1.304493e+01 -4.496578e+00
1.910899e+01 0.000000e+00 1.304493e+01 6.064060e+00
