3.393196e+01 0.000000e+00 9.164863e+01 -5.771667e+01
1.406404e+02 0.000000e+00 9.164863e+01 4.899180e+01
3.127787e+01 0.000000e+00 1.301304e+01 1.826483e+01
-9.108588e-01 0.000000e+00 1.301304e+01 -1.392390e+01
8.206715e+01 0.000000e+00 9.645007e+01 -1.438292e+01
1.072134e+02 0.000000e+00 9.645007e+01 1.076334e+01
1.963701e+01 0.000000e+00 -4.374289e-01 2.007444e+01
-3.502847e+01 0.000000e+00 -4.374289e-01 -3.459104e+01
1.454691e+02 0.000000e+00 5.171298e+01 9.375614e+01
-7.183532e+01 0.000000e+00 5.171298e+01 -1.235483e+02
3.162395e+01 0.000000e+00 2.929504e+01 2.328908e+00
2.514964e+01 0.000000e+00 2.929504e+01 -4.145400e+00
6.059022e+01 0.000000e+00 6.996561e+01 -9.375389e+00
8.302551e+01 0.000000e+00 6.996561e+01 1.305990e+01
-2.033718e+01 0.000000e+00 5.829672e+01 -7.863390e+01
1.276457e+02 0.000000e+00 5.829672e+01 6.934896e+01
2.404432e+01 0.000000e+00 3.354844e+01 -9.504122e+00
4.341322e+01 0.000000e+00 3.354844e+01 9.864772e+00
4.098626e+01 0.000000e+00 2.425358e+01 1.673268e+01
1.153823e+01 0.000000e+00 2.425358e+01 -1.271535e+01
4.668687e+00 0.000000e+00 -7.202082e+00 1.187077e+01
-1.846204e+01 0.000000e+00 -7.202082e+00 -1.125996e+01
1.084503e+02 0.000000e+00 6.252277e+01 4.592750e+01
4.304668e-01 0.000000e+00 6.252277e+01 -6.209230e+01
-1.772537e+01 0.000000e+00 -7.373402e+01 5.600865e+01
-1.421443e+02 0.000000e+00 -7.373402e+01 -6.841032e+01
4.493739e+01 0.000000e+00 3.942322e+01 5.514169e+00
3.309212e+01 0.000000e+00 3.942322e+01 -6.331100e+00
1.980937e+02 2.007733e+02 2.007733e+02 1.980937e+02
2.062500e+02 2.007733e+02 2.007733e+02 2.062500e+02
1.067820e+02 0.000000e+00 7.697816e+01 2.980383e+01
4.883143e+01 0.000000e+00 7.697816e+01 -2.814673e+01
5.424965e+01 0.000000e+00 6.209561e+01 -7.845956e+00
7.069250e+01 0.000000e+00 6.209561e+01 8.596889e+00
7.361361e+01 0.000000e+00 2.358829e+01 5.002532e+01
-2.665871e+01 0.000000e+00 2.358829e+01 -5.024700e+01
7.866575e+01 0.000000e+00 1.095395e+01 6.771180e+01
-1.958126e+01 0.000000e+00 1.095395e+01 -3.053521e+01
-6.606170e+01 0.000000e+00 -3.948082e+00 -6.211361e+01
7.056084e+01 0.000000e+00 -3.948082e+00 7.450893e+01
4.992308e+01 0.000000e+00 3.133203e+01 1.859105e+01
1.611276e+01 0.000000e+00 3.133203e+01 -1.521927e+01
6.321698e+01 0.000000e+00 1.868068e+01 4.453630e+01
-1.556878e+01 0.000000e+00 1.868068e+01 -3.424945e+01
6.476768e+01 0.000000e+00 8.594474e+01 -2.117706e+01
1.134159e+02 0.000000e+00 8.594474e+01 2.747114e+01
2.998087e+01 0.000000e+00 2.871327e+01 1.267608e+00
2.803628e+01 0.000000e+00 2.871327e+01 -6.769883e-01
1.274965e+01 0.000000e+00 5.423665e+00 7.325983e+00
-5.146645e+00 0.000000e+00 5.423665e+00 -1.057031e+01
3.372644e+01 0.000000e+00 1.977639e+01 1.395005e+01
9.207164e+00 0.000000e+00 1.977639e+01 -1.056923e+01
