3.646216e+01 0.000000e+00 9.577066e+01 -5.930850e+01
1.588797e+02 0.000000e+00 9.577066e+01 6.310904e+01
2.628290e+01 0.000000e+00 8.052548e+00 1.823035e+01
-7.718773e+00 0.000000e+00 8.052548e+00 -1.577132e+01
6.291552e+01 0.000000e+00 2.265586e+01 4.025965e+01
-1.194241e+01 0.000000e+00 2.265586e+01 -3.459828e+01
4.891536e+01 0.000000e+00 2.903806e+01 1.987729e+01
1.251023e+01 0.000000e+00 2.903806e+01 -1.652783e+01
-8.448298e+00 0.000000e+00 -2.870369e+01 2.025539e+01
-5.084147e+01 0.000000e+00 -2.870369e+01 -2.213778e+01
-7.246601e+00 0.000000e+00 5.292538e+01 -6.017198e+01
1.115466e+02 0.000000e+00 5.292538e+01 5.862125e+01
-1.433077e+01 0.000000e+00 9.569547e+00 -2.390032e+01
3.880513e+01 0.000000e+00 9.569547e+00 2.923558e+01
1.330036e+02 0.000000e+00 8.905266e+01 4.395091e+01
5.055443e+01 0.000000e+00 8.905266e+01 -3.849823e+01
-3.165651e+01 0.000000e+00 -1.622304e+01 -1.543347e+01
-1.343853e+00 0.000000e+00 -1.622304e+01 1.487919e+01
-1.419837e+01 0.000000e+00 -2.030581e+01 6.107443e+00
-2.522265e+01 0.000000e+00 -2.030581e+01 -4.916843e+00
-5.120368e+01 0.000000e+00 -1.881382e+01 -3.238986e+01
8.618116e+00 0.000000e+00 -1.881382e+01 2.743194e+01
8.560553e+01 0.000000e+00 5.560898e+01 2.999655e+01
1.262381e+01 0.000000e+00 5.560898e+01 -4.298517e+01
2.902117e+01 0.000000e+00 9.636723e+00 1.938445e+01
-7.804755e+00 0.000000e+00 9.636723e+00 -1.744148e+01
-1.056169e+02 0.000000e+00 -9.802765e+01 -7.589279e+00
-9.058279e+01 0.000000e+00 -9.802765e+01 7.444862e+00
1.864565e+01 0.000000e+00 2.536752e+01 -6.721870e+00
3.628036e+01 0.000000e+00 2.536752e+01 1.091285e+01
-9.994343e+01 0.000000e+00 -2.971772e+01 -7.022571e+01
3.359084e+01 0.000000e+00 -2.971772e+01 6.330856e+01
1.257604e+02 1.855856e+02 1.855856e+02 1.257604e+02
2.506383e+02 1.855856e+02 1.855856e+02 2.506383e+02
9.921356e+00 0.000000e+00 -3.270755e+01 4.262890e+01
-7.928662e+01 0.000000e+00 -3.270755e+01 -4.657907e+01
9.295898e+00 0.000000e+00 -1.792810e+01 2.722400e+01
-2.872186e+01 0.000000e+00 -1.792810e+01 -1.079376e+01
1.308531e+02 0.000000e+00 -8.623915e+00 1.394770e+02
-1.316205e+02 0.000000e+00 -8.623915e+00 -1.229966e+02
-5.287424e+01 0.000000e+00 3.639366e+01 -8.926790e+01
1.242146e+02 0.000000e+00 3.639366e+01 8.782092e+01
9.493633e+01 0.000000e+00 3.334655e+01 6.158978e+01
1.761772e+00 0.000000e+00 3.334655e+01 -3.158478e+01
-3.480769e+01 0.000000e+00 1.938414e+01 -5.419184e+01
1.041039e+02 0.000000e+00 1.938414e+01 8.471979e+01
-3.837542e+01 0.000000e+00 1.334308e+01 -5.171850e+01
5.678981e+01 0.000000e+00 1.334308e+01 4.344673e+01
5.282586e+01 0.000000e+00 7.872664e+01 -2.590078e+01
1.050701e+02 0.000000e+00 7.872664e+01 2.634346e+01
-6.571178e+01 0.000000e+00 -2.709218e+01 -3.861960e+01
6.660513e+00 0.000000e+00 -2.709218e+01 3.375269e+01
