-9.239197e-03 0.000000e+00 3.154595e+01 -3.155519e+01
7.169267e+01 0.000000e+00 3.154595e+01 4.014671e+01
9.259599e+01 0.000000e+00 6.086230e+01 3.173368e+01
4.254119e+01 0.000000e+00 6.086230e+01 -1.832111e+01
3.470200e+01 0.000000e+00 2.550406e+01 9.197943e+00
1.569041e+01 0.000000e+00 2.550406e+01 -9.813648e+00
-3.351406e+01 0.000000e+00 -3.457470e+01 1.060642e+00
-3.545325e+01 0.000000e+00 -3.457470e+01 -8.785515e-01
1.242303e+02 0.000000e+00 5.743853e+01 6.679177e+01
-1.395681e+02 0.000000e+00 5.743853e+01 -1.970066e+02
-6.788441e+01 0.000000e+00 -3.404105e+01 -3.384336e+01
1.049525e+01 0.000000e+00 -3.404105e+01 4.453630e+01
-9.982637e+00 0.000000e+00 -2.189938e+01 1.191674e+01
-3.403807e+01 0.000000e+00 -2.189938e+01 -1.213869e+01
3.896395e+01 0.000000e+00 3.316889e+01 5.795055e+00
2.797068e+01 0.000000e+00 3.316889e+01 -5.198208e+00
2.369813e+01 0.000000e+00 4.487409e+01 -2.117596e+01
6.450938e+01 0.000000e+00 4.487409e+01 1.963529e+01
2.713110e+01 0.000000e+00 1.953309e+01 7.598015e+00
1.069794e+01 0.000000e+00 1.953309e+01 -8.835144e+00
3.445570e+00 0.000000e+00 4.576266e+01 -4.231709e+01
8.715206e+01 0.000000e+00 4.576266e+01 4.138940e+01
3.568174e+01 0.000000e+00 2.239087e+01 1.329087e+01
9.642410e+00 0.000000e+00 2.239087e+01 -1.274846e+01
-3.713418e+01 0.000000e+00 -4.047111e+01 3.336929e+00
-4.305845e+01 0.000000e+00 -4.047111e+01 -2.587337e+00
-1.399512e+01 0.000000e+00 1.089731e+00 -1.508485e+01
2.084879e+01 0.000000e+00 1.089731e+00 1.975906e+01
-3.789475e+01 0.000000e+00 -4.723794e+00 -3.317096e+01
3.388671e+01 0.000000e+00 -4.723794e+00 3.861051e+01
-1.032677e+01 0.000000e+00 -4.174101e+01 3.141424e+01
-7.655359e+01 0.000000e+00 -4.174101e+01 -3.481258e+01
-3.985274e+01 0.000000e+00 -6.088420e+00 -3.376432e+01
1.604351e+01 0.000000e+00 -6.088420e+00 2.213193e+01
-7.784037e+01 0.000000e+00 -4.671907e+01 -3.112130e+01
-2.108146e+01 0.000000e+00 -4.671907e+01 2.563762e+01
-1.348989e+02 0.000000e+00 -2.118188e+01 -1.137170e+02
3.298746e+01 0.000000e+00 -2.118188e+01 5.416935e+01
8.680687e+01 0.000000e+00 -2.312305e-01 8.703810e+01
-7.620660e+01 0.000000e+00 -2.312305e-01 -7.597537e+01
8.852602e+01 0.000000e+00 6.262355e+01 2.590248e+01
4.004747e+01 0.000000e+00 6.262355e+01 -2.257608e+01
-7.553584e+01 0.000000e+00 -2.707014e+01 -4.846570e+01
1.028488e+00 0.000000e+00 -2.707014e+01 2.809863e+01
2.387018e+02 2.345991e+02 2.345991e+02 2.387018e+02
2.278750e+02 2.345991e+02 2.345991e+02 2.278750e+02
-1.019234e+02 0.000000e+00 -3.387920e+01 -6.804422e+01
2.863644e+01 0.000000e+00 -3.387920e+01 6.251564e+01
5.207384e+01 0.000000e+00 1.515084e+01 3.692300e+01
-4.393361e+01 0.000000e+00 1.515084e+01 -5.908444e+01
7.097098e+01 0.000000e+00 5.271973e+01 1.825125e+01
3.384419e+01 0.000000e+00 5.271973e+01 -1.887553e+01
