1.106395e+02 0.000000e+00 1.943399e+02 -8.370047e+01
2.485089e+02 0.000000e+00 1.943399e+02 5.416893e+01
3.651506e+01 0.000000e+00 -3.955557e+01 7.607063e+01
-1.081221e+02 0.000000e+00 -3.955557e+01 -6.856650e+01
1.193963e+02 0.000000e+00 2.083982e+01 9.855644e+01
-6.140406e+01 0.000000e+00 2.083982e+01 -8.224388e+01
1.177049e+01 0.000000e+00 7.804176e+01 -6.627126e+01
1.724621e+02 0.000000e+00 7.804176e+01 9.442030e+01
-5.516814e+01 0.000000e+00 -5.384540e+01 -1.322746e+00
-5.181374e+01 0.000000e+00 -5.384540e+01 2.031662e+00
5.628628e+01 0.000000e+00 5.000862e+01 6.277657e+00
4.054059e+01 0.000000e+00 5.000862e+01 -9.468033e+00
3.536864e+01 0.000000e+00 8.825029e+01 -5.288165e+01
1.657582e+02 0.000000e+00 8.825029e+01 7.750787e+01
1.114932e+01 0.000000e+00 6.613364e+01 -5.498432e+01
1.097737e+02 0.000000e+00 6.613364e+01 4.364002e+01
-3.519815e+01 0.000000e+00 1.331136e+01 -4.850951e+01
6.859962e+01 0.000000e+00 1.331136e+01 5.528826e+01
3.666982e+01 0.000000e+00 5.892480e+01 -2.225498e+01
7.264448e+01 0.000000e+00 5.892480e+01 1.371968e+01
-6.445547e+01 0.000000e+00 4.614529e+01 -1.106008e+02
1.250907e+02 0.000000e+00 4.614529e+01 7.894545e+01
3.651618e+01 0.000000e+00 -2.492480e+01 6.144098e+01
-1.069021e+02 0.000000e+00 -2.492480e+01 -8.197729e+01
1.321318e+02 0.000000e+00 2.277392e+01 1.093579e+02
-1.430019e+02 0.000000e+00 2.277392e+01 -1.657758e+02
1.041492e+01 0.000000e+00 2.111886e+01 -1.070394e+01
3.308931e+01 0.000000e+00 2.111886e+01 1.197046e+01
5.778918e+01 0.000000e+00 9.131410e+01 -3.352493e+01
1.210009e+02 0.000000e+00 9.131410e+01 2.968675e+01
3.360128e+02 3.502828e+02 3.502828e+02 3.360128e+02
3.674300e+02 3.502828e+02 3.502828e+02 3.674300e+02
7.722154e+01 0.000000e+00 1.685511e+01 6.036643e+01
-1.168563e+01 0.000000e+00 1.685511e+01 -2.854074e+01
1.231819e+02 0.000000e+00 8.000116e+01 4.318079e+01
1.903106e+01 0.000000e+00 8.000116e+01 -6.097010e+01
-9.312294e+00 0.000000e+00 -1.019330e+02 9.262073e+01
-1.516847e+02 0.000000e+00 -1.019330e+02 -4.975167e+01
-1.304441e+02 0.000000e+00 -5.321020e+01 -7.723391e+01
2.243997e+01 0.000000e+00 -5.321020e+01 7.565017e+01
1.756157e+01 0.000000e+00 6.546284e+01 -4.790127e+01
9.515729e+01 0.000000e+00 6.546284e+01 2.969445e+01
-4.445902e+01 0.000000e+00 1.933810e+01 -6.379713e+01
6.015903e+01 0.000000e+00 1.933810e+01 4.082093e+01
1.794028e+02 0.000000e+00 1.823082e+02 -2.905457e+00
1.869693e+02 0.000000e+00 1.823082e+02 4.661072e+00
1.896571e+02 0.000000e+00 1.055192e+02 8.413796e+01
-2.805499e+01 0.000000e+00 1.055192e+02 -1.335742e+02
-4.514515e+01 0.000000e+00 -5.733410e+01 1.218895e+01
-7.162931e+01 0.000000e+00 -5.733410e+01 -1.429521e+01
1.395970e+02 0.000000e+00 1.100868e+02 2.951016e+01
7.913593e+01 0.000000e+00 1.100868e+02 -3.095086e+01
