4.819366e+01 0.000000e+00 4.206939e+01 6.124271e+00
3.657610e+01 0.000000e+00 4.206939e+01 -5.493294e+00
2.189739e+01 0.000000e+00 -2.071774e+01 4.261513e+01
-4.452062e+01 0.000000e+00 -2.071774e+01 -2.380288e+01
4.934697e+01 0.000000e+00 6.807069e+01 -1.872372e+01
8.991728e+01 0.000000e+00 6.807069e+01 2.184659e+01
1.546506e+01 0.000000e+00 1.420118e+01 1.263885e+00
1.267056e+01 0.000000e+00 1.420118e+01 -1.530611e+00
1.125230e+01 0.000000e+00 -2.714697e+01 3.839927e+01
-7.666819e+01 0.000000e+00 -2.714697e+01 -4.952122e+01
-3.801704e+01 0.000000e+00 4.060904e+01 -7.862607e+01
1.229789e+02 0.000000e+00 4.060904e+01 8.236985e+01
-3.990699e+01 0.000000e+00 -2.914927e+01 -1.075772e+01
-1.321308e+01 0.000000e+00 -2.914927e+01 1.593618e+01
1.713307e+01 0.000000e+00 -1.297223e+01 3.010530e+01
-3.436111e+01 0.000000e+00 -1.297223e+01 -2.138888e+01
-1.510530e+01 0.000000e+00 -3.308633e+01 1.798103e+01
-5.070428e+01 0.000000e+00 -3.308633e+01 -1.761795e+01
-9.422879e+01 0.000000e+00 -1.153547e+02 2.112595e+01
-1.338106e+02 0.000000e+00 -1.153547e+02 -1.845583e+01
5.355465e+00 0.000000e+00 2.437125e+00 2.918339e+00
-2.009285e+00 0.000000e+00 2.437125e+00 -4.446411e+00
-2.447864e+01 0.000000e+00 -3.890334e+01 1.442470e+01
-5.725550e+01 0.000000e+00 -3.890334e+01 -1.835217e+01
6.990427e+01 0.000000e+00 1.746204e+01 5.244223e+01
-8.073030e+01 0.000000e+00 1.746204e+01 -9.819234e+01
1.761506e+01 0.000000e+00 2.973349e+01 -1.211843e+01
4.054364e+01 0.000000e+00 2.973349e+01 1.081014e+01
-3.066664e+01 0.000000e+00 -5.830231e+00 -2.483641e+01
2.493789e+01 0.000000e+00 -5.830231e+00 3.076812e+01
6.880855e+01 0.000000e+00 -1.265931e+00 7.007448e+01
-6.097903e+01 0.000000e+00 -1.265931e+00 -5.971310e+01
-2.116691e+01 0.000000e+00 1.083593e+01 -3.200284e+01
5.347394e+01 0.000000e+00 1.083593e+01 4.263801e+01
-1.678905e+01 0.000000e+00 -5.248967e+01 3.570062e+01
-9.752666e+01 0.000000e+00 -5.248967e+01 -4.503698e+01
-4.650997e+01 0.000000e+00 -6.110035e+01 1.459038e+01
-6.744367e+01 0.000000e+00 -6.110035e+01 -6.343319e+00
5.514201e+01 0.000000e+00 3.868881e+01 1.645321e+01
1.795249e+01 0.000000e+00 3.868881e+01 -2.073632e+01
1.081159e+02 0.000000e+00 -4.158537e+01 1.497013e+02
-1.401869e+02 0.000000e+00 -4.158537e+01 -9.860154e+01
1.138345e+02 1.563272e+02 1.563272e+02 1.138345e+02
1.870421e+02 1.563272e+02 1.563272e+02 1.870421e+02
8.558665e+01 0.000000e+00 8.523587e+01 3.507843e-01
8.468272e+01 0.000000e+00 8.523587e+01 -5.531464e-01
-5.924646e+01 0.000000e+00 -2.594131e+01 -3.330515e+01
3.413673e+00 0.000000e+00 -2.594131e+01 2.935498e+01
9.065797e+01 0.000000e+00 -7.209873e+00 9.786784e+01
-1.736747e+02 0.000000e+00 -7.209873e+00 -1.664648e+02
8.772430e+01 0.000000e+00 7.970216e+01 8.022141e+00
7.108215e+01 0.000000e+00 7.970216e+01 -8.620010e+00
