3.030747e+01 0.000000e+00 -9.076662e+00 3.938414e+01
-4.337567e+01 0.000000e+00 -9.076662e+00 -3.429901e+01
8.781081e+01 0.000000e+00 -1.797457e+01 1.057854e+02
-1.486763e+02 0.000000e+00 -1.797457e+01 -1.307017e+02
8.905915e+01 0.000000e+00 6.859347e+01 2.046568e+01
5.024185e+01 0.000000e+00 6.859347e+01 -1.835162e+01
4.386468e+01 0.000000e+00 5.930222e+01 -1.543753e+01
7.633515e+01 0.000000e+00 5.930222e+01 1.703294e+01
5.784940e+02 3.482425e+02 3.482425e+02 5.784940e+02
-4.993452e+01 3.482425e+02 3.482425e+02 -4.993452e+01
-4.234544e+01 0.000000e+00 7.207365e+01 -1.144191e+02
2.034825e+02 0.000000e+00 7.207365e+01 1.314088e+02
9.002318e+01 0.000000e+00 9.965257e+01 -9.629395e+00
1.111236e+02 0.000000e+00 9.965257e+01 1.147103e+01
1.536973e+02 0.000000e+00 1.411856e+02 1.251163e+01
1.243792e+02 0.000000e+00 1.411856e+02 -1.680644e+01
-3.795526e+01 0.000000e+00 -7.484074e+00 -3.047119e+01
2.248254e+01 0.000000e+00 -7.484074e+00 2.996661e+01
3.191955e+01 0.000000e+00 -1.790497e+01 4.982452e+01
-5.992420e+01 0.000000e+00 -1.790497e+01 -4.201923e+01
1.711735e+02 0.000000e+00 5.127016e+01 1.199033e+02
-1.162677e+02 0.000000e+00 5.127016e+01 -1.675378e+02
4.012033e+01 0.000000e+00 -1.249421e+01 5.261454e+01
-6.211095e+01 0.000000e+00 -1.249421e+01 -4.961675e+01
-3.972897e+01 0.000000e+00 -6.202114e+01 2.229218e+01
-8.175487e+01 0.000000e+00 -6.202114e+01 -1.973373e+01
-7.723082e+01 0.000000e+00 -7.883885e+01 1.608032e+00
-8.063093e+01 0.000000e+00 -7.883885e+01 -1.792076e+00
-5.263757e+01 0.000000e+00 2.081096e+01 -7.344852e+01
1.065697e+02 0.000000e+00 2.081096e+01 8.575873e+01
-3.341264e+01 0.000000e+00 5.050494e+00 -3.846313e+01
4.199062e+01 0.000000e+00 5.050494e+00 3.694012e+01
1.771725e+01 0.000000e+00 7.972346e+01 -6.200621e+01
1.515035e+02 0.000000e+00 7.972346e+01 7.178008e+01
-4.391115e+01 0.000000e+00 -2.185612e+01 -2.205503e+01
-5.078673e-01 0.000000e+00 -2.185612e+01 2.134825e+01
-4.101540e+01 0.000000e+00 -7.538019e+01 3.436479e+01
-1.047469e+02 0.000000e+00 -7.538019e+01 -2.936670e+01
-8.645325e+00 0.000000e+00 3.154449e+01 -4.018982e+01
8.213223e+01 0.000000e+00 3.154449e+01 5.058773e+01
-2.849529e+01 0.000000e+00 9.759305e+00 -3.825459e+01
5.546821e+01 0.000000e+00 9.759305e+00 4.570891e+01
-1.722933e+01 0.000000e+00 -6.516861e+01 4.793928e+01
-9.742255e+01 0.000000e+00 -6.516861e+01 -3.225394e+01
9.236926e+01 0.000000e+00 1.006796e+02 -8.310333e+00
1.110772e+02 0.000000e+00 1.006796e+02 1.039757e+01
-5.466915e+00 0.000000e+00 2.278954e+01 -2.825646e+01
5.452869e+01 0.000000e+00 2.278954e+01 3.173915e+01
2.119493e+01 0.000000e+00 3.329462e+01 -1.209969e+01
6.176202e+01 0.000000e+00 3.329462e+01 2.846741e+01
6.510235e+01 0.000000e+00 8.030613e+01 -1.520378e+01
9.445704e+01 0.000000e+00 8.030613e+01 1.415091e+01
