-1.164102e+01 0.000000e+00 3.594423e+01 -4.758525e+01
9.237138e+01 0.000000e+00 3.594423e+01 5.642715e+01
1.422467e+02 1.135239e+02 1.135239e+02 1.422467e+02
6.439626e+01 1.135239e+02 1.135239e+02 6.439626e+01
-8.197831e+01 0.000000e+00 5.389452e+00 -8.736776e+01
8.747948e+01 0.000000e+00 5.389452e+00 8.209003e+01
4.579469e+01 0.000000e+00 -1.566980e+01 6.146449e+01
-9.127088e+01 0.000000e+00 -1.566980e+01 -7.560108e+01
3.855566e+00 0.000000e+00 5.513034e+00 -1.657468e+00
7.182131e+00 0.000000e+00 5.513034e+00 1.669097e+00
-7.729432e+00 0.000000e+00 2.222237e+01 -2.995181e+01
5.641904e+01 0.000000e+00 2.222237e+01 3.419666e+01
2.429231e+01 0.000000e+00 1.786103e+01 6.431288e+00
1.084898e+01 0.000000e+00 1.786103e+01 -7.012043e+00
3.823294e+01 0.000000e+00 -1.366152e+01 5.189446e+01
-7.855929e+01 0.000000e+00 -1.366152e+01 -6.489777e+01
-8.505020e-01 0.000000e+00 2.099692e+01 -2.184742e+01
4.521336e+01 0.000000e+00 2.099692e+01 2.421644e+01
3.769552e+01 0.000000e+00 2.023159e+01 1.746392e+01
6.729772e+00 0.000000e+00 2.023159e+01 -1.350182e+01
5.158186e+01 0.000000e+00 5.047581e+00 4.653428e+01
-3.298006e+01 0.000000e+00 5.047581e+00 -3.802764e+01
-1.848096e+00 0.000000e+00 3.282410e+00 -5.130506e+00
8.332049e+00 0.000000e+00 3.282410e+00 5.049640e+00
3.734017e+01 0.000000e+00 2.796010e+01 9.380075e+00
1.732903e+01 0.000000e+00 2.796010e+01 -1.063107e+01
4.376286e+01 0.000000e+00 5.107581e+01 -7.312943e+00
5.740590e+01 0.000000e+00 5.107581e+01 6.330093e+00
2.708155e+01 0.000000e+00 2.601949e+01 1.062054e+00
2.519540e+01 0.000000e+00 2.601949e+01 -8.240929e-01
-9.644606e+00 0.000000e+00 1.303431e+01 -2.267891e+01
3.633781e+01 0.000000e+00 1.303431e+01 2.330350e+01
5.430764e+01 0.000000e+00 1.313213e+01 4.117552e+01
-2.272596e+01 0.000000e+00 1.313213e+01 -3.585809e+01
-7.101801e+01 0.000000e+00 -3.335336e+01 -3.766465e+01
1.035404e+01 0.000000e+00 -3.335336e+01 4.370740e+01
7.603783e+00 0.000000e+00 4.175493e+00 3.428290e+00
2.712463e+00 0.000000e+00 4.175493e+00 -1.463029e+00
1.098975e+01 0.000000e+00 6.184204e+01 -5.085229e+01
1.171307e+02 0.000000e+00 6.184204e+01 5.528868e+01
2.280701e+01 0.000000e+00 -4.522914e+01 6.803616e+01
-9.201690e+01 0.000000e+00 -4.522914e+01 -4.678776e+01
4.279980e+01 0.000000e+00 1.541972e+01 2.738008e+01
-5.086287e+00 0.000000e+00 1.541972e+01 -2.050601e+01
3.407441e+01 0.000000e+00 1.235414e+01 2.172027e+01
-1.216871e+01 0.000000e+00 1.235414e+01 -2.452285e+01
2.788047e+00 0.000000e+00 8.838346e+00 -6.050299e+00
1.461590e+01 0.000000e+00 8.838346e+00 5.777555e+00
5.551102e+01 0.000000e+00 -9.654984e+00 6.516600e+01
-1.468650e+02 0.000000e+00 -9.654984e+00 -1.372100e+02
-1.151476e+01 0.000000e+00 2.970531e+00 -1.448529e+01
1.365390e+01 0.000000e+00 2.970531e+00 1.068337e+01
