6.613759e+01 0.000000e+00 1.172489e+02 -5.111133e+01
1.924067e+02 0.000000e+00 1.172489e+02 7.515782e+01
6.292444e+01 0.000000e+00 3.019518e+01 3.272926e+01
7.623827e+00 0.000000e+00 3.019518e+01 -2.257135e+01
1.190138e+02 0.000000e+00 7.844244e+01 4.057134e+01
4.211209e+01 0.000000e+00 7.844244e+01 -3.633035e+01
-7.011969e+01 0.000000e+00 -4.371042e+01 -2.640927e+01
-9.524599e+00 0.000000e+00 -4.371042e+01 3.418582e+01
9.008145e+01 0.000000e+00 3.375599e+01 5.632546e+01
-2.774345e+01 0.000000e+00 3.375599e+01 -6.149944e+01
-5.349193e+00 0.000000e+00 2.633071e+01 -3.167991e+01
5.811532e+01 0.000000e+00 2.633071e+01 3.178461e+01
-1.060133e+01 0.000000e+00 -2.660358e+01 1.600225e+01
-4.856948e+01 0.000000e+00 -2.660358e+01 -2.196590e+01
9.648972e+01 0.000000e+00 1.432556e+02 -4.676588e+01
1.906226e+02 0.000000e+00 1.432556e+02 4.736697e+01
1.628131e+02 2.074776e+02 2.074776e+02 1.628131e+02
2.562321e+02 2.074776e+02 2.074776e+02 2.562321e+02
-3.240807e+01 0.000000e+00 2.824918e+01 -6.065725e+01
7.722177e+01 0.000000e+00 2.824918e+01 4.897259e+01
7.272129e+01 0.000000e+00 6.759468e+01 5.126610e+00
6.439373e+01 0.000000e+00 6.759468e+01 -3.200951e+00
8.280934e+01 0.000000e+00 3.438988e+01 4.841946e+01
-2.901663e+01 0.000000e+00 3.438988e+01 -6.340652e+01
1.056905e+02 0.000000e+00 6.827849e+01 3.741197e+01
1.966333e+01 0.000000e+00 6.827849e+01 -4.861516e+01
-6.215017e+01 0.000000e+00 -3.412439e+01 -2.802578e+01
-3.790582e+00 0.000000e+00 -3.412439e+01 3.033381e+01
-2.934274e+01 0.000000e+00 -3.031575e+01 9.730186e-01
-3.180827e+01 0.000000e+00 -3.031575e+01 -1.492512e+00
-1.416940e+02 0.000000e+00 -7.460078e+01 -6.709325e+01
-3.654205e+01 0.000000e+00 -7.460078e+01 3.805873e+01
-4.763433e+01 0.000000e+00 -1.505758e+01 -3.257675e+01
1.704453e+01 0.000000e+00 -1.505758e+01 3.210212e+01
1.229451e+02 0.000000e+00 7.218996e+01 5.075517e+01
-2.574533e+01 0.000000e+00 7.218996e+01 -9.793528e+01
7.354757e+01 0.000000e+00 -2.513554e+01 9.868311e+01
-7.686333e+01 0.000000e+00 -2.513554e+01 -5.172779e+01
9.432591e+01 0.000000e+00 8.667743e+00 8.565817e+01
-1.087827e+02 0.000000e+00 8.667743e+00 -1.174505e+02
2.362265e+02 0.000000e+00 1.665201e+02 6.970636e+01
1.175975e+02 0.000000e+00 1.665201e+02 -4.892265e+01
-3.996586e+01 0.000000e+00 3.142382e+01 -7.138968e+01
1.022383e+02 0.000000e+00 3.142382e+01 7.081447e+01
6.071195e+01 0.000000e+00 8.197775e+01 -2.126580e+01
1.076985e+02 0.000000e+00 8.197775e+01 2.572075e+01
4.868299e+01 0.000000e+00 5.134506e+01 -2.662075e+00
5.415620e+01 0.000000e+00 5.134506e+01 2.811134e+00
7.002126e+01 0.000000e+00 1.665672e+01 5.336453e+01
-4.494696e+01 0.000000e+00 1.665672e+01 -6.160369e+01
4.635089e+01 0.000000e+00 2.931570e+00 4.341933e+01
-3.925125e+01 0.000000e+00 2.931570e+00 -4.218282e+01
