6.995373e+00 0.000000e+00 1.961363e+01 -1.261825e+01
3.854552e+01 0.000000e+00 1.961363e+01 1.893189e+01
1.437877e+02 0.000000e+00 5.602442e+01 8.776332e+01
-1.553215e+00 0.000000e+00 5.602442e+01 -5.757763e+01
1.432249e+02 0.000000e+00 1.039383e+02 3.928662e+01
6.852325e+01 0.000000e+00 1.039383e+02 -3.541507e+01
-1.039121e+02 0.000000e+00 -6.171358e+01 -4.219852e+01
-1.448716e+01 0.000000e+00 -6.171358e+01 4.722641e+01
-3.170527e+01 0.000000e+00 -8.793088e+01 5.622561e+01
-1.763943e+02 0.000000e+00 -8.793088e+01 -8.846347e+01
3.785387e+01 0.000000e+00 3.793689e+01 -8.302689e-02
3.800338e+01 0.000000e+00 3.793689e+01 6.649017e-02
4.449107e+01 0.000000e+00 2.469254e+01 1.979854e+01
4.203463e+00 0.000000e+00 2.469254e+01 -2.048907e+01
3.391692e+01 0.000000e+00 3.781758e+01 -3.900661e+00
4.287668e+01 0.000000e+00 3.781758e+01 5.059093e+00
-7.949692e+01 0.000000e+00 -5.233449e+01 -2.716243e+01
-2.989911e+01 0.000000e+00 -5.233449e+01 2.243539e+01
1.577767e+01 0.000000e+00 2.268884e+01 -6.911163e+00
2.830869e+01 0.000000e+00 2.268884e+01 5.619852e+00
-3.972203e+01 0.000000e+00 -1.435406e+01 -2.536797e+01
5.736925e+00 0.000000e+00 -1.435406e+01 2.009098e+01
4.749421e+01 0.000000e+00 2.277976e+01 2.471445e+01
-1.565398e+01 0.000000e+00 2.277976e+01 -3.843374e+01
1.297360e+01 0.000000e+00 1.470144e+01 -1.727837e+00
1.667780e+01 0.000000e+00 1.470144e+01 1.976361e+00
-4.409663e+01 0.000000e+00 1.428784e+01 -5.838447e+01
5.925407e+01 0.000000e+00 1.428784e+01 4.496623e+01
5.053630e+01 0.000000e+00 6.090546e+01 -1.036916e+01
7.006975e+01 0.000000e+00 6.090546e+01 9.164284e+00
-1.785777e+01 0.000000e+00 -2.892769e+01 1.106992e+01
-4.033940e+01 0.000000e+00 -2.892769e+01 -1.141171e+01
5.570461e+01 0.000000e+00 3.608924e+00 5.209568e+01
-2.944473e+01 0.000000e+00 3.608924e+00 -3.305365e+01
1.585869e+02 1.154136e+02 1.154136e+02 1.585869e+02
7.311625e+01 1.154136e+02 1.154136e+02 7.311625e+01
2.501444e+01 0.000000e+00 -6.845926e+01 9.347370e+01
-9.257723e+01 0.000000e+00 -6.845926e+01 -2.411797e+01
-2.574335e+01 0.000000e+00 5.374403e-01 -2.628079e+01
2.488570e+01 0.000000e+00 5.374403e-01 2.434826e+01
4.233104e+01 0.000000e+00 2.895438e+01 1.337666e+01
1.649512e+01 0.000000e+00 2.895438e+01 -1.245926e+01
1.298046e+01 0.000000e+00 2.990448e+01 -1.692402e+01
3.753415e+01 0.000000e+00 2.990448e+01 7.629677e+00
4.244399e+01 0.000000e+00 2.742896e+01 1.501503e+01
1.124344e+00 0.000000e+00 2.742896e+01 -2.630461e+01
4.461275e+01 0.000000e+00 4.349818e+01 1.114578e+00
4.240846e+01 0.000000e+00 4.349818e+01 -1.089718e+00
-1.929880e+01 0.000000e+00 -3.144782e+01 1.214902e+01
-5.070535e+01 0.000000e+00 -3.144782e+01 -1.925753e+01
4.853819e+01 0.000000e+00 7.832645e+00 4.070554e+01
-2.490916e+01 0.000000e+00 7.832645e+00 -3.274181e+01
