1.534724e+02 2.176227e+02 2.176227e+02 1.534724e+02
2.729962e+02 2.176227e+02 2.176227e+02 2.729962e+02
6.819112e+01 0.000000e+00 4.688689e+00 6.350244e+01
-4.708289e+01 0.000000e+00 4.688689e+00 -5.177158e+01
6.688533e+01 0.000000e+00 7.630690e+01 -9.421570e+00
8.547465e+01 0.000000e+00 7.630690e+01 9.167746e+00
-2.468516e+00 0.000000e+00 2.607604e+01 -2.854456e+01
5.620710e+01 0.000000e+00 2.607604e+01 3.013106e+01
1.355068e+02 0.000000e+00 3.590431e+01 9.960253e+01
-1.204095e+02 0.000000e+00 3.590431e+01 -1.563138e+02
-8.070584e+01 0.000000e+00 8.044532e+00 -8.875037e+01
9.933205e+01 0.000000e+00 8.044532e+00 9.128752e+01
7.007147e+01 0.000000e+00 6.362062e+01 6.450857e+00
5.541382e+01 0.000000e+00 6.362062e+01 -8.206792e+00
5.941163e+01 0.000000e+00 6.604839e+01 -6.636760e+00
7.224500e+01 0.000000e+00 6.604839e+01 6.196608e+00
3.723121e+00 0.000000e+00 1.296123e+01 -9.238111e+00
2.234700e+01 0.000000e+00 1.296123e+01 9.385766e+00
3.078424e+00 0.000000e+00 -9.338874e+00 1.241730e+01
-1.846646e+01 0.000000e+00 -9.338874e+00 -9.127586e+00
-5.914523e+01 0.000000e+00 -2.923831e+01 -2.990692e+01
-5.296136e+00 0.000000e+00 -2.923831e+01 2.394217e+01
2.265986e+01 0.000000e+00 3.385421e+01 -1.119436e+01
4.693189e+01 0.000000e+00 3.385421e+01 1.307768e+01
-1.276002e+00 0.000000e+00 -2.148206e+01 2.020605e+01
-4.159122e+01 0.000000e+00 -2.148206e+01 -2.010916e+01
-7.599425e+00 0.000000e+00 -2.796360e+01 2.036417e+01
-5.568174e+01 0.000000e+00 -2.796360e+01 -2.771814e+01
-8.666991e+00 0.000000e+00 1.231146e+01 -2.097845e+01
3.760660e+01 0.000000e+00 1.231146e+01 2.529514e+01
3.693860e+01 0.000000e+00 -1.053740e+01 4.747600e+01
-4.956867e+01 0.000000e+00 -1.053740e+01 -3.903127e+01
5.297403e+01 0.000000e+00 4.251117e+01 1.046286e+01
3.321127e+01 0.000000e+00 4.251117e+01 -9.299898e+00
-2.616041e+01 0.000000e+00 -6.442303e+01 3.826262e+01
-1.216516e+02 0.000000e+00 -6.442303e+01 -5.722853e+01
-3.791623e+01 0.000000e+00 -3.241905e+01 -5.497188e+00
-3.065419e+01 0.000000e+00 -3.241905e+01 1.764858e+00
8.725663e+01 0.000000e+00 3.224673e+01 5.500990e+01
-1.577383e+01 0.000000e+00 3.224673e+01 -4.802057e+01
9.740595e+01 0.000000e+00 4.144056e+01 5.596539e+01
2.696576e-01 0.000000e+00 4.144056e+01 -4.117090e+01
-3.672529e+01 0.000000e+00 2.447892e+01 -6.120421e+01
6.812195e+01 0.000000e+00 2.447892e+01 4.364303e+01
6.670700e+01 0.000000e+00 5.112160e+01 1.558540e+01
3.358058e+01 0.000000e+00 5.112160e+01 -1.754102e+01
4.786999e+00 0.000000e+00 -3.053574e+00 7.840573e+00
-1.389509e+01 0.000000e+00 -3.053574e+00 -1.084152e+01
2.343522e+01 0.000000e+00 -4.525205e+00 2.796042e+01
-4.440656e+01 0.000000e+00 -4.525205e+00 -3.988135e+01
1.842556e+01 0.000000e+00 2.039732e+01 -1.971755e+00
2.466062e+01 0.000000e+00 2.039732e+01 4.263301e+00
