1.317729e+01 0.000000e+00 4.783829e+01 -3.466100e+01
8.556998e+01 0.000000e+00 4.783829e+01 3.773169e+01
1.315068e+02 0.000000e+00 7.266374e+01 5.884306e+01
3.627736e+01 0.000000e+00 7.266374e+01 -3.638638e+01
7.280238e+01 0.000000e+00 8.428624e+01 -1.148386e+01
9.493678e+01 0.000000e+00 8.428624e+01 1.065054e+01
6.548680e+01 0.000000e+00 5.545542e+01 1.003138e+01
4.387611e+01 0.000000e+00 5.545542e+01 -1.157931e+01
7.702369e+01 0.000000e+00 1.071662e+01 6.630707e+01
-6.012952e+01 0.000000e+00 1.071662e+01 -7.084614e+01
-7.042028e+00 0.000000e+00 6.727479e+00 -1.376951e+01
2.021665e+01 0.000000e+00 6.727479e+00 1.348917e+01
1.135255e+02 0.000000e+00 2.017696e+02 -8.824416e+01
3.473859e+02 0.000000e+00 2.017696e+02 1.456163e+02
2.009496e+02 0.000000e+00 1.272013e+02 7.374835e+01
6.414023e+01 0.000000e+00 1.272013e+02 -6.306105e+01
-1.060046e+02 0.000000e+00 -6.820528e+01 -3.779930e+01
-3.268715e+01 0.000000e+00 -6.820528e+01 3.551813e+01
1.911378e+02 1.672773e+02 1.672773e+02 1.911378e+02
1.443747e+02 1.672773e+02 1.672773e+02 1.443747e+02
-7.381703e+01 0.000000e+00 5.049247e+01 -1.243095e+02
1.615968e+02 0.000000e+00 5.049247e+01 1.111044e+02
1.492890e+02 0.000000e+00 9.135916e+01 5.792982e+01
3.177825e+01 0.000000e+00 9.135916e+01 -5.958091e+01
4.842179e+00 0.000000e+00 -8.881721e+00 1.372390e+01
-1.946787e+01 0.000000e+00 -8.881721e+00 -1.058615e+01
-4.029490e+00 0.000000e+00 2.933902e+01 -3.336851e+01
6.757899e+01 0.000000e+00 2.933902e+01 3.823997e+01
1.349352e+02 0.000000e+00 6.990343e+01 6.503176e+01
-5.784079e+00 0.000000e+00 6.990343e+01 -7.568751e+01
-2.818441e+01 0.000000e+00 -6.683518e+00 -2.150090e+01
1.700607e+01 0.000000e+00 -6.683518e+00 2.368959e+01
2.032952e+02 0.000000e+00 8.770537e+01 1.155899e+02
1.111617e+01 0.000000e+00 8.770537e+01 -7.658920e+01
-1.319743e+01 0.000000e+00 -2.954318e+01 1.634575e+01
-5.778962e+01 0.000000e+00 -2.954318e+01 -2.824644e+01
5.066605e+01 0.000000e+00 -1.100825e+02 1.607485e+02
-1.579556e+02 0.000000e+00 -1.100825e+02 -4.787309e+01
8.980757e+01 0.000000e+00 5.036309e+01 3.944448e+01
2.326688e+01 0.000000e+00 5.036309e+01 -2.709621e+01
4.119915e+01 0.000000e+00 3.319911e+01 8.000042e+00
2.515747e+01 0.000000e+00 3.319911e+01 -8.041637e+00
-5.365353e-01 0.000000e+00 7.652190e+01 -7.705843e+01
1.391635e+02 0.000000e+00 7.652190e+01 6.264156e+01
5.159208e+01 0.000000e+00 9.777515e+01 -4.618307e+01
1.748893e+02 0.000000e+00 9.777515e+01 7.711412e+01
6.304326e+01 0.000000e+00 8.558721e+01 -2.254395e+01
1.092127e+02 0.000000e+00 8.558721e+01 2.362545e+01
4.719043e+01 0.000000e+00 -2.765705e+01 7.484748e+01
-1.332580e+02 0.000000e+00 -2.765705e+01 -1.056009e+02
3.340347e+01 0.000000e+00 5.605914e+01 -2.265567e+01
7.497087e+01 0.000000e+00 5.605914e+01 1.891174e+01
