5.690076e+01 0.000000e+00 1.277415e+01 4.412661e+01
-1.140336e+01 0.000000e+00 1.277415e+01 -2.417752e+01
-5.608192e+01 0.000000e+00 -1.677376e+01 -3.930816e+01
2.994746e+01 0.000000e+00 -1.677376e+01 4.672122e+01
5.314394e+01 0.000000e+00 1.237090e+01 4.077304e+01
-2.180129e+01 0.000000e+00 1.237090e+01 -3.417219e+01
3.571188e+01 0.000000e+00 2.906223e+01 6.649652e+00
2.373151e+01 0.000000e+00 2.906223e+01 -5.330721e+00
8.565833e+01 0.000000e+00 4.838088e+00 8.082024e+01
-9.930293e+01 0.000000e+00 4.838088e+00 -1.041410e+02
5.336483e+01 0.000000e+00 -2.054842e+00 5.541968e+01
-4.876093e+01 0.000000e+00 -2.054842e+00 -4.670609e+01
1.680054e+01 0.000000e+00 6.035207e+00 1.076533e+01
-6.758614e+00 0.000000e+00 6.035207e+00 -1.279382e+01
-3.642807e-01 0.000000e+00 -1.659903e+01 1.623475e+01
-4.270681e+01 0.000000e+00 -1.659903e+01 -2.610778e+01
-7.505809e+01 0.000000e+00 -5.238067e+01 -2.267742e+01
-3.328714e+01 0.000000e+00 -5.238067e+01 1.909352e+01
1.610995e+02 0.000000e+00 4.237449e+01 1.187250e+02
-1.585393e+01 0.000000e+00 4.237449e+01 -5.822842e+01
6.549728e+01 0.000000e+00 4.922784e+01 1.626943e+01
3.098463e+01 0.000000e+00 4.922784e+01 -1.824321e+01
2.406356e+01 0.000000e+00 4.070356e+01 -1.664000e+01
5.792882e+01 0.000000e+00 4.070356e+01 1.722526e+01
-1.318510e+02 0.000000e+00 -4.267455e+01 -8.917642e+01
8.564506e+01 0.000000e+00 -4.267455e+01 1.283196e+02
1.717181e+02 2.204231e+02 2.204231e+02 1.717181e+02
2.768879e+02 2.204231e+02 2.204231e+02 2.768879e+02
-2.707316e+00 0.000000e+00 -4.272402e+00 1.565086e+00
-5.954626e+00 0.000000e+00 -4.272402e+00 -1.682224e+00
3.433918e+01 0.000000e+00 2.982165e+01 4.517536e+00
2.591048e+01 0.000000e+00 2.982165e+01 -3.911165e+00
1.903362e+01 0.000000e+00 -3.483572e+01 5.386934e+01
-5.311955e+01 0.000000e+00 -3.483572e+01 -1.828383e+01
3.386301e+01 0.000000e+00 -2.908618e+01 6.294919e+01
-1.004792e+02 0.000000e+00 -2.908618e+01 -7.139299e+01
-2.108355e+01 0.000000e+00 -7.427283e+01 5.318929e+01
-1.106792e+02 0.000000e+00 -7.427283e+01 -3.640639e+01
9.366518e+01 0.000000e+00 7.475163e+01 1.891355e+01
6.255838e+01 0.000000e+00 7.475163e+01 -1.219324e+01
4.610976e+01 0.000000e+00 -7.503991e+01 1.211497e+02
-1.638910e+02 0.000000e+00 -7.503991e+01 -8.885107e+01
2.701932e+01 0.000000e+00 1.087228e+01 1.614704e+01
4.287891e-01 0.000000e+00 1.087228e+01 -1.044349e+01
-5.257702e+01 0.000000e+00 -1.978506e+01 -3.279196e+01
6.029268e+00 0.000000e+00 -1.978506e+01 2.581433e+01
-4.543892e+01 0.000000e+00 -6.896740e+01 2.352848e+01
-9.594153e+01 0.000000e+00 -6.896740e+01 -2.697413e+01
-4.457335e+01 0.000000e+00 -5.219354e+00 -3.935400e+01
5.044380e+01 0.000000e+00 -5.219354e+00 5.566316e+01
9.388335e+01 0.000000e+00 3.415337e+01 5.972998e+01
-2.438050e+01 0.000000e+00 3.415337e+01 -5.853387e+01
