7.013761e+01 0.000000e+00 9.734762e+01 -2.721001e+01
1.248080e+02 0.000000e+00 9.734762e+01 2.746035e+01
5.425794e+01 0.000000e+00 -4.596545e+00 5.885448e+01
-5.355069e+01 0.000000e+00 -4.596545e+00 -4.895414e+01
3.478378e+01 0.000000e+00 8.031711e+01 -4.553334e+01
1.188154e+02 0.000000e+00 8.031711e+01 3.849825e+01
2.186047e+01 0.000000e+00 6.392127e+01 -4.206080e+01
1.105281e+02 0.000000e+00 6.392127e+01 4.660687e+01
6.212968e+01 0.000000e+00 -1.187706e+01 7.400674e+01
-1.071905e+02 0.000000e+00 -1.187706e+01 -9.531339e+01
-3.890661e+01 0.000000e+00 5.524526e+00 -4.443114e+01
6.285651e+01 0.000000e+00 5.524526e+00 5.733199e+01
9.017704e+01 0.000000e+00 6.356429e+01 2.661274e+01
2.530188e+01 0.000000e+00 6.356429e+01 -3.826241e+01
-4.135394e+01 0.000000e+00 2.210754e+01 -6.346148e+01
9.045323e+01 0.000000e+00 2.210754e+01 6.834569e+01
-3.354818e+01 0.000000e+00 2.409386e+01 -5.764204e+01
7.932316e+01 0.000000e+00 2.409386e+01 5.522930e+01
-3.083582e+01 0.000000e+00 -3.983896e+01 9.003131e+00
-4.698822e+01 0.000000e+00 -3.983896e+01 -7.149259e+00
-6.981373e+01 0.000000e+00 -5.742296e+01 -1.239077e+01
-4.927741e+01 0.000000e+00 -5.742296e+01 8.145558e+00
1.928717e+01 0.000000e+00 1.096506e+01 8.322117e+00
-7.554124e-01 0.000000e+00 1.096506e+01 -1.172047e+01
1.775454e+01 0.000000e+00 7.900728e+00 9.853808e+00
-8.239399e-01 0.000000e+00 7.900728e+00 -8.724668e+00
-7.616850e+01 0.000000e+00 -4.519341e+01 -3.097509e+01
-7.475360e+00 0.000000e+00 -4.519341e+01 3.771805e+01
-1.665676e+00 0.000000e+00 1.299175e+01 -1.465743e+01
3.190260e+01 0.000000e+00 1.299175e+01 1.891084e+01
9.525752e+01 0.000000e+00 6.181941e+01 3.343811e+01
3.283123e+01 0.000000e+00 6.181941e+01 -2.898818e+01
4.991498e+01 0.000000e+00 4.924371e+01 6.712670e-01
4.510654e+01 0.000000e+00 4.924371e+01 -4.137175e+00
-4.054799e+01 0.000000e+00 -5.156979e+01 1.102180e+01
-6.534174e+01 0.000000e+00 -5.156979e+01 -1.377195e+01
-4.549699e+01 0.000000e+00 -4.661720e+01 1.120210e+00
-4.964656e+01 0.000000e+00 -4.661720e+01 -3.029360e+00
-6.246683e-01 0.000000e+00 -1.467724e+01 1.405258e+01
-2.675323e+01 0.000000e+00 -1.467724e+01 -1.207598e+01
2.462403e+02 2.644478e+02 2.644478e+02 2.462403e+02
2.779843e+02 2.644478e+02 2.644478e+02 2.779843e+02
-9.755398e-01 0.000000e+00 4.282158e+00 -5.257698e+00
8.552444e+00 0.000000e+00 4.282158e+00 4.270286e+00
9.502386e+01 0.000000e+00 1.009443e+02 -5.920427e+00
1.090336e+02 0.000000e+00 1.009443e+02 8.089355e+00
3.236049e+01 0.000000e+00 6.930972e+00 2.542952e+01
-1.714062e+01 0.000000e+00 6.930972e+00 -2.407159e+01
6.308810e+00 0.000000e+00 -3.009967e+01 3.640848e+01
-7.676312e+01 0.000000e+00 -3.009967e+01 -4.666345e+01
-2.784599e+01 0.000000e+00 -3.550715e+01 7.661160e+00
-4.551924e+01 0.000000e+00 -3.550715e+01 -1.001209e+01
