-1.915802e+01 0.000000e+00 7.991192e+01 -9.906994e+01
1.511297e+02 0.000000e+00 7.991192e+01 7.121783e+01
3.221980e+01 0.000000e+00 2.253421e+01 9.685589e+00
1.692540e+01 0.000000e+00 2.253421e+01 -5.608807e+00
1.406841e+02 0.000000e+00 1.172318e+02 2.345226e+01
9.957726e+01 0.000000e+00 1.172318e+02 -1.765454e+01
-8.279800e+00 0.000000e+00 -2.380541e+01 1.552561e+01
-4.597014e+01 0.000000e+00 -2.380541e+01 -2.216473e+01
7.965246e+01 0.000000e+00 9.729556e+00 6.992290e+01
-6.805202e+01 0.000000e+00 9.729556e+00 -7.778157e+01
3.383039e+01 0.000000e+00 1.775720e+01 1.607319e+01
2.525094e+00 0.000000e+00 1.775720e+01 -1.523211e+01
5.084864e+01 0.000000e+00 4.979088e+01 1.057762e+00
4.843380e+01 0.000000e+00 4.979088e+01 -1.357082e+00
-2.288864e+01 0.000000e+00 4.927705e+01 -7.216568e+01
1.091919e+02 0.000000e+00 4.927705e+01 5.991482e+01
5.728762e+01 0.000000e+00 3.457941e+01 2.270820e+01
1.095533e+01 0.000000e+00 3.457941e+01 -2.362409e+01
6.488770e+00 0.000000e+00 2.118804e+01 -1.469927e+01
2.891899e+01 0.000000e+00 2.118804e+01 7.730957e+00
-1.457495e+01 0.000000e+00 -2.954103e+01 1.496608e+01
-4.623122e+01 0.000000e+00 -2.954103e+01 -1.669019e+01
1.709075e+02 0.000000e+00 9.914256e+01 7.176489e+01
-7.102650e+00 0.000000e+00 9.914256e+01 -1.062452e+02
-1.255871e+02 0.000000e+00 -1.799653e+02 5.437827e+01
-2.554284e+02 0.000000e+00 -1.799653e+02 -7.546304e+01
-1.977023e+01 0.000000e+00 6.419685e+00 -2.618991e+01
3.605768e+01 0.000000e+00 6.419685e+00 2.963800e+01
2.107770e+02 2.285752e+02 2.285752e+02 2.107770e+02
2.521973e+02 2.285752e+02 2.285752e+02 2.521973e+02
1.370361e+02 0.000000e+00 8.618171e+01 5.085442e+01
3.883153e+01 0.000000e+00 8.618171e+01 -4.735018e+01
3.952187e+01 0.000000e+00 3.715363e+01 2.368240e+00
3.542255e+01 0.000000e+00 3.715363e+01 -1.731079e+00
6.435880e+01 0.000000e+00 5.205483e+01 1.230397e+01
4.063982e+01 0.000000e+00 5.205483e+01 -1.141501e+01
1.102868e+02 0.000000e+00 3.315050e+01 7.713633e+01
-4.972168e+00 0.000000e+00 3.315050e+01 -3.812267e+01
-1.226636e+02 0.000000e+00 -3.829315e+01 -8.437042e+01
6.472803e+01 0.000000e+00 -3.829315e+01 1.030212e+02
-4.172673e+01 0.000000e+00 -4.304594e+01 1.319214e+00
-4.398269e+01 0.000000e+00 -4.304594e+01 -9.367447e-01
3.238152e+01 0.000000e+00 3.595490e+01 -3.573387e+00
3.889328e+01 0.000000e+00 3.595490e+01 2.938377e+00
1.122067e+01 0.000000e+00 4.391533e+01 -3.269465e+01
9.547955e+01 0.000000e+00 4.391533e+01 5.156422e+01
-6.566992e+00 0.000000e+00 3.109213e+01 -3.765912e+01
6.871519e+01 0.000000e+00 3.109213e+01 3.762307e+01
7.752071e+01 0.000000e+00 1.370779e+01 6.381291e+01
-6.201492e+01 0.000000e+00 1.370779e+01 -7.572271e+01
9.427991e+01 0.000000e+00 3.320532e+01 6.107460e+01
-1.106933e+01 0.000000e+00 3.320532e+01 -4.427464e+01
