1.268706e+02 0.000000e+00 1.564502e+02 -2.957962e+01
1.848029e+02 0.000000e+00 1.564502e+02 2.835274e+01
-8.638295e+01 0.000000e+00 -5.400985e+01 -3.237310e+01
-3.669286e+01 0.000000e+00 -5.400985e+01 1.731699e+01
1.296178e+02 0.000000e+00 7.589388e+01 5.372395e+01
3.257348e+01 0.000000e+00 7.589388e+01 -4.332040e+01
2.289254e+01 0.000000e+00 -1.980748e+01 4.270002e+01
-7.795728e+01 0.000000e+00 -1.980748e+01 -5.814981e+01
-7.855267e+00 0.000000e+00 -5.378687e+01 4.593160e+01
-1.141976e+02 0.000000e+00 -5.378687e+01 -6.041069e+01
-1.875450e+01 0.000000e+00 3.515533e+00 -2.227003e+01
2.619730e+01 0.000000e+00 3.515533e+00 2.268177e+01
4.918803e+01 0.000000e+00 2.514471e+01 2.404332e+01
-4.164133e-01 0.000000e+00 2.514471e+01 -2.556112e+01
3.517439e+01 0.000000e+00 4.325490e+01 -8.080513e+00
5.276727e+01 0.000000e+00 4.325490e+01 9.512371e+00
2.953396e+01 0.000000e+00 2.189675e+01 7.637217e+00
1.347329e+01 0.000000e+00 2.189675e+01 -8.423452e+00
9.696550e+01 0.000000e+00 -4.558289e+00 1.015238e+02
-6.983989e+01 0.000000e+00 -4.558289e+00 -6.528160e+01
-1.382829e+02 0.000000e+00 -6.164571e+01 -7.663720e+01
1.843632e+01 0.000000e+00 -6.164571e+01 8.008203e+01
-5.145933e+01 0.000000e+00 -2.069970e+01 -3.075962e+01
2.240392e+01 0.000000e+00 -2.069970e+01 4.310362e+01
-5.834285e+01 0.000000e+00 -3.989748e+01 -1.844537e+01
-1.846781e+01 0.000000e+00 -3.989748e+01 2.142967e+01
5.129266e+01 0.000000e+00 -6.564959e+01 1.169423e+02
-1.804610e+02 0.000000e+00 -6.564959e+01 -1.148114e+02
-1.588833e+02 0.000000e+00 -8.547190e+01 -7.341137e+01
-8.764206e+00 0.000000e+00 -8.547190e+01 7.670770e+01
-3.735691e+01 0.000000e+00 -5.399570e+01 1.663880e+01
-6.783793e+01 0.000000e+00 -5.399570e+01 -1.384222e+01
-4.945429e+01 0.000000e+00 -2.874450e+01 -2.070978e+01
-9.566935e+00 0.000000e+00 -2.874450e+01 1.917757e+01
-1.508848e+02 0.000000e+00 -1.184144e+02 -3.247037e+01
-8.207461e+01 0.000000e+00 -1.184144e+02 3.633978e+01
1.114080e+01 0.000000e+00 -3.790073e+01 4.904152e+01
-5.760630e+01 0.000000e+00 -3.790073e+01 -1.970557e+01
-2.007270e+01 0.000000e+00 -2.784953e+01 7.776834e+00
-3.672349e+01 0.000000e+00 -2.784953e+01 -8.873955e+00
-5.779122e+01 0.000000e+00 -1.083388e+02 5.054758e+01
-1.557593e+02 0.000000e+00 -1.083388e+02 -4.742049e+01
-1.145199e+02 0.000000e+00 -3.581644e+01 -7.870348e+01
2.118518e+01 0.000000e+00 -3.581644e+01 5.700162e+01
-2.912642e+00 0.000000e+00 1.607646e+01 -1.898911e+01
3.714002e+01 0.000000e+00 1.607646e+01 2.106355e+01
1.202244e+02 1.786304e+02 1.786304e+02 1.202244e+02
2.323548e+02 1.786304e+02 1.786304e+02 2.323548e+02
2.193428e+02 0.000000e+00 1.092641e+02 1.100787e+02
-3.044048e+01 0.000000e+00 1.092641e+02 -1.397046e+02
-3.624088e+01 0.000000e+00 2.896575e+01 -6.520663e+01
1.046295e+02 0.000000e+00 2.896575e+01 7.566374e+01
