-2.897395e+01 0.000000e+00 5.574830e+00 -3.454878e+01
4.527507e+01 0.000000e+00 5.574830e+00 3.970024e+01
2.443473e+01 0.000000e+00 -4.903594e+01 7.347067e+01
-8.833099e+01 0.000000e+00 -4.903594e+01 -3.929504e+01
4.787679e+01 0.000000e+00 5.377153e+01 -5.894741e+00
5.906545e+01 0.000000e+00 5.377153e+01 5.293919e+00
1.235386e+02 1.300173e+02 1.300173e+02 1.235386e+02
1.375081e+02 1.300173e+02 1.300173e+02 1.375081e+02
-3.075674e+01 0.000000e+00 -1.538637e+01 -1.537037e+01
-1.066055e-01 0.000000e+00 -1.538637e+01 1.527977e+01
1.044217e+01 0.000000e+00 -6.596829e+00 1.703900e+01
-2.439559e+01 0.000000e+00 -6.596829e+00 -1.779876e+01
4.169468e+01 0.000000e+00 3.125578e+01 1.043890e+01
2.056216e+01 0.000000e+00 3.125578e+01 -1.069362e+01
3.151834e+01 0.000000e+00 -1.344514e+00 3.286285e+01
-2.772415e+01 0.000000e+00 -1.344514e+00 -2.637963e+01
-1.202560e+02 0.000000e+00 -6.210452e+01 -5.815152e+01
-1.326151e+00 0.000000e+00 -6.210452e+01 6.077837e+01
-6.477847e+01 0.000000e+00 -3.707763e+01 -2.770083e+01
-1.418524e+01 0.000000e+00 -3.707763e+01 2.289239e+01
-3.611741e+01 0.000000e+00 -3.185074e+01 -4.266672e+00
-2.690228e+01 0.000000e+00 -3.185074e+01 4.948462e+00
3.631512e+01 0.000000e+00 2.202768e+01 1.428744e+01
5.408165e+00 0.000000e+00 2.202768e+01 -1.661951e+01
1.610946e+01 0.000000e+00 5.672898e+00 1.043656e+01
-5.928264e+00 0.000000e+00 5.672898e+00 -1.160116e+01
3.032299e+01 0.000000e+00 1.802864e+01 1.229435e+01
5.095988e+00 0.000000e+00 1.802864e+01 -1.293265e+01
5.190079e+01 0.000000e+00 -2.880178e+00 5.478097e+01
-5.746092e+01 0.000000e+00 -2.880178e+00 -5.458074e+01
-1.999446e+01 0.000000e+00 -3.965051e-01 -1.959795e+01
1.648598e+01 0.000000e+00 -3.965051e-01 1.688248e+01
-1.084799e+01 0.000000e+00 8.803319e+00 -1.965131e+01
3.020159e+01 0.000000e+00 8.803319e+00 2.139827e+01
-3.652596e+01 0.000000e+00 -1.602019e+01 -2.050577e+01
4.886017e+00 0.000000e+00 -1.602019e+01 2.090621e+01
-1.071988e+02 0.000000e+00 -4.594246e+01 -6.125634e+01
-3.190870e+01 0.000000e+00 -4.594246e+01 1.403376e+01
1.415571e+01 0.000000e+00 3.948516e+01 -2.532946e+01
6.486674e+01 0.000000e+00 3.948516e+01 2.538158e+01
5.181260e+01 0.000000e+00 6.900784e+01 -1.719524e+01
8.339188e+01 0.000000e+00 6.900784e+01 1.438404e+01
4.577180e+01 0.000000e+00 1.755631e+01 2.821549e+01
1.052008e+00 0.000000e+00 1.755631e+01 -1.650430e+01
-7.576653e+00 0.000000e+00 1.660436e+01 -2.418101e+01
5.733323e+01 0.000000e+00 1.660436e+01 4.072887e+01
-6.686966e+00 0.000000e+00 1.545756e+01 -2.214452e+01
3.567236e+01 0.000000e+00 1.545756e+01 2.021481e+01
3.506607e+01 0.000000e+00 -9.799985e+00 4.486606e+01
-6.757256e+01 0.000000e+00 -9.799985e+00 -5.777257e+01
-3.990119e+00 0.000000e+00 5.635201e+00 -9.625320e+00
1.660922e+01 0.000000e+00 5.635201e+00 1.097402e+01
