6.353639e+01 0.000000e+00 7.490937e+01 -1.137298e+01
8.667751e+01 0.000000e+00 7.490937e+01 1.176814e+01
8.436210e+01 0.000000e+00 1.047041e+01 7.389169e+01
-5.882758e+01 0.000000e+00 1.047041e+01 -6.929799e+01
-6.330154e+00 0.000000e+00 6.777328e+01 -7.410344e+01
1.289082e+02 0.000000e+00 6.777328e+01 6.113489e+01
9.002042e+01 0.000000e+00 5.855187e+01 3.146855e+01
2.019794e+01 0.000000e+00 5.855187e+01 -3.835393e+01
5.861659e+01 0.000000e+00 -5.465378e+00 6.408197e+01
-9.355226e+01 0.000000e+00 -5.465378e+00 -8.808688e+01
8.449399e+01 0.000000e+00 6.575506e+01 1.873893e+01
4.313760e+01 0.000000e+00 6.575506e+01 -2.261746e+01
9.562375e+01 0.000000e+00 6.691219e+01 2.871156e+01
3.254559e+01 0.000000e+00 6.691219e+01 -3.436659e+01
9.511643e+01 0.000000e+00 1.866995e+02 -9.158311e+01
2.687369e+02 0.000000e+00 1.866995e+02 8.203740e+01
-5.005210e+01 0.000000e+00 3.608404e+01 -8.613614e+01
1.024995e+02 0.000000e+00 3.608404e+01 6.641543e+01
8.393222e+01 0.000000e+00 2.521820e+00 8.141040e+01
-6.037080e+01 0.000000e+00 2.521820e+00 -6.289262e+01
-2.750531e+01 0.000000e+00 2.170817e+00 -2.967613e+01
2.100905e+01 0.000000e+00 2.170817e+00 1.883823e+01
5.563123e+01 0.000000e+00 4.529304e+01 1.033819e+01
3.111302e+01 0.000000e+00 4.529304e+01 -1.418002e+01
3.866044e+01 0.000000e+00 3.259803e+01 6.062408e+00
2.671620e+01 0.000000e+00 3.259803e+01 -5.881832e+00
-1.482767e+02 0.000000e+00 -6.391752e+01 -8.435915e+01
3.820657e+01 0.000000e+00 -6.391752e+01 1.021241e+02
3.894361e+01 0.000000e+00 6.378284e+01 -2.483922e+01
9.596393e+01 0.000000e+00 6.378284e+01 3.218109e+01
9.834509e+01 0.000000e+00 7.389846e+01 2.444662e+01
5.023744e+01 0.000000e+00 7.389846e+01 -2.366102e+01
1.406424e+02 0.000000e+00 9.508121e+01 4.556116e+01
4.596147e+01 0.000000e+00 9.508121e+01 -4.911974e+01
-2.813617e+01 0.000000e+00 -4.220937e+01 1.407320e+01
-5.872142e+01 0.000000e+00 -4.220937e+01 -1.651205e+01
-1.075581e+02 0.000000e+00 -3.630292e+01 -7.125515e+01
-7.874580e+00 0.000000e+00 -3.630292e+01 2.842834e+01
-1.286130e+02 0.000000e+00 -1.149042e+02 -1.370875e+01
-9.845145e+01 0.000000e+00 -1.149042e+02 1.645280e+01
3.301453e+02 3.166196e+02 3.166196e+02 3.301453e+02
3.070767e+02 3.166196e+02 3.166196e+02 3.070767e+02
1.632593e+01 0.000000e+00 4.831701e+01 -3.199109e+01
8.127021e+01 0.000000e+00 4.831701e+01 3.295320e+01
2.932631e+01 0.000000e+00 1.421588e+02 -1.128325e+02
2.620327e+02 0.000000e+00 1.421588e+02 1.198740e+02
3.872615e+01 0.000000e+00 -3.225636e+01 7.098252e+01
-1.216809e+02 0.000000e+00 -3.225636e+01 -8.942453e+01
4.172935e+01 0.000000e+00 -1.689702e+01 5.862638e+01
-1.077983e+02 0.000000e+00 -1.689702e+01 -9.090126e+01
1.846537e+01 0.000000e+00 -1.235091e+00 1.970046e+01
-2.371404e+01 0.000000e+00 -1.235091e+00 -2.247895e+01
