-9.233566e+01 0.000000e+00 -4.100703e+01 -5.132863e+01
2.695889e+01 0.000000e+00 -4.100703e+01 6.796593e+01
9.889798e+01 0.000000e+00 -9.128188e-01 9.981080e+01
-7.790108e+01 0.000000e+00 -9.128188e-01 -7.698826e+01
2.121506e+02 0.000000e+00 9.903577e+01 1.131149e+02
4.606754e+00 0.000000e+00 9.903577e+01 -9.442901e+01
-3.777922e+01 0.000000e+00 -1.820565e+01 -1.957358e+01
2.917955e+00 0.000000e+00 -1.820565e+01 2.112360e+01
6.712637e+01 0.000000e+00 1.315247e+01 5.397389e+01
-5.740662e+01 0.000000e+00 1.315247e+01 -7.055909e+01
-2.622355e+01 0.000000e+00 -1.815230e+01 -8.071243e+00
-8.716195e+00 0.000000e+00 -1.815230e+01 9.436109e+00
9.329727e+00 0.000000e+00 5.344875e+01 -4.411902e+01
1.098905e+02 0.000000e+00 5.344875e+01 5.644173e+01
2.209179e+02 3.652800e+02 3.652800e+02 2.209179e+02
5.010885e+02 3.652800e+02 3.652800e+02 5.010885e+02
2.273673e+01 0.000000e+00 2.817786e+01 -5.441128e+00
3.455687e+01 0.000000e+00 2.817786e+01 6.379009e+00
6.986561e+01 0.000000e+00 4.538279e+01 2.448282e+01
2.309906e+01 0.000000e+00 4.538279e+01 -2.228373e+01
-1.968240e+01 0.000000e+00 1.810155e+01 -3.778395e+01
5.708396e+01 0.000000e+00 1.810155e+01 3.898240e+01
-1.997099e+00 0.000000e+00 -2.260784e+01 2.061074e+01
-5.010291e+01 0.000000e+00 -2.260784e+01 -2.749507e+01
4.118813e+01 0.000000e+00 1.938847e+01 2.179966e+01
-4.558567e+00 0.000000e+00 1.938847e+01 -2.394704e+01
3.256259e+01 0.000000e+00 3.922755e+01 -6.664959e+00
4.543491e+01 0.000000e+00 3.922755e+01 6.207359e+00
-4.495808e+01 0.000000e+00 -3.885273e+01 -6.105343e+00
-3.027658e+01 0.000000e+00 -3.885273e+01 8.576149e+00
-3.288721e+01 0.000000e+00 9.619258e+00 -4.250646e+01
4.950239e+01 0.000000e+00 9.619258e+00 3.988313e+01
4.089432e-01 0.000000e+00 2.404653e+01 -2.363759e+01
3.900059e+01 0.000000e+00 2.404653e+01 1.495405e+01
3.848896e+01 0.000000e+00 2.223991e+01 1.624904e+01
6.847244e+00 0.000000e+00 2.223991e+01 -1.539267e+01
5.703520e+01 0.000000e+00 -1.542857e+01 7.246377e+01
-5.390563e+01 0.000000e+00 -1.542857e+01 -3.847706e+01
-1.592049e+01 0.000000e+00 4.594400e+01 -6.186449e+01
1.237688e+02 0.000000e+00 4.594400e+01 7.782477e+01
5.135949e+01 0.000000e+00 2.789483e+01 2.346465e+01
8.656433e+00 0.000000e+00 2.789483e+01 -1.923840e+01
1.790722e+01 0.000000e+00 3.543692e+01 -1.752969e+01
4.763110e+01 0.000000e+00 3.543692e+01 1.219418e+01
4.565498e+01 0.000000e+00 3.820910e+01 7.445889e+00
2.934720e+01 0.000000e+00 3.820910e+01 -8.861895e+00
8.197542e+01 0.000000e+00 1.008641e+01 7.188901e+01
-5.457417e+01 0.000000e+00 1.008641e+01 -6.466058e+01
1.372526e+02 0.000000e+00 8.826830e+01 4.898428e+01
2.704158e+01 0.000000e+00 8.826830e+01 -6.122673e+01
6.690056e+00 0.000000e+00 2.655600e+01 -1.986595e+01
4.711105e+01 0.000000e+00 2.655600e+01 2.055505e+01
