5.102464e+01 0.000000e+00 3.915001e+01 1.187464e+01
3.003986e+01 0.000000e+00 3.915001e+01 -9.110146e+00
1.912072e+01 0.000000e+00 -4.014207e+01 5.926279e+01
-7.856723e+01 0.000000e+00 -4.014207e+01 -3.842516e+01
-6.441182e+01 0.000000e+00 2.030717e+01 -8.471899e+01
9.552655e+01 0.000000e+00 2.030717e+01 7.521938e+01
-2.485641e+01 0.000000e+00 -5.326252e+00 -1.953016e+01
2.380576e+01 0.000000e+00 -5.326252e+00 2.913201e+01
5.346395e+01 0.000000e+00 2.506330e+01 2.840064e+01
-6.329052e+00 0.000000e+00 2.506330e+01 -3.139236e+01
5.504562e+01 0.000000e+00 9.848017e+01 -4.343455e+01
1.577672e+02 0.000000e+00 9.848017e+01 5.928706e+01
2.097757e+02 2.123847e+02 2.123847e+02 2.097757e+02
2.165775e+02 2.123847e+02 2.123847e+02 2.165775e+02
1.627440e+02 0.000000e+00 1.613085e+02 1.435516e+00
1.599639e+02 0.000000e+00 1.613085e+02 -1.344635e+00
4.524507e+01 0.000000e+00 7.598122e+01 -3.073615e+01
1.188965e+02 0.000000e+00 7.598122e+01 4.291530e+01
6.635152e+01 0.000000e+00 4.107380e+01 2.527772e+01
2.157660e+01 0.000000e+00 4.107380e+01 -1.949719e+01
1.159151e+01 0.000000e+00 2.769116e+01 -1.609964e+01
4.076825e+01 0.000000e+00 2.769116e+01 1.307710e+01
6.730190e+00 0.000000e+00 -2.673939e+01 3.346958e+01
-6.724966e+01 0.000000e+00 -2.673939e+01 -4.051027e+01
3.192120e+01 0.000000e+00 2.235575e+01 9.565441e+00
1.317001e+01 0.000000e+00 2.235575e+01 -9.185749e+00
-3.214829e+01 0.000000e+00 -1.857460e+01 -1.357369e+01
-7.964996e+00 0.000000e+00 -1.857460e+01 1.060961e+01
1.172752e+01 0.000000e+00 3.662918e+01 -2.490166e+01
6.037663e+01 0.000000e+00 3.662918e+01 2.374744e+01
8.444104e+01 0.000000e+00 7.774617e+01 6.694870e+00
7.097675e+01 0.000000e+00 7.774617e+01 -6.769424e+00
-1.692389e+01 0.000000e+00 5.816953e+01 -7.509342e+01
8.750996e+01 0.000000e+00 5.816953e+01 2.934042e+01
5.433931e+01 0.000000e+00 -1.782108e+01 7.216039e+01
-8.157413e+01 0.000000e+00 -1.782108e+01 -6.375305e+01
-6.705920e+01 0.000000e+00 -7.045949e+01 3.400284e+00
-7.218401e+01 0.000000e+00 -7.045949e+01 -1.724525e+00
-4.199555e+01 0.000000e+00 2.654552e+01 -6.854107e+01
1.127618e+02 0.000000e+00 2.654552e+01 8.621625e+01
8.394627e+01 0.000000e+00 6.259907e+01 2.134720e+01
4.869332e+01 0.000000e+00 6.259907e+01 -1.390575e+01
-1.482123e+01 0.000000e+00 6.095004e+00 -2.091624e+01
1.936488e+01 0.000000e+00 6.095004e+00 1.326987e+01
-1.549671e+01 0.000000e+00 1.158842e+00 -1.665555e+01
2.247939e+01 0.000000e+00 1.158842e+00 2.132055e+01
-1.553354e+02 0.000000e+00 -1.044839e+01 -1.448871e+02
9.741129e+01 0.000000e+00 -1.044839e+01 1.078597e+02
-7.675580e+01 0.000000e+00 -9.428136e+01 1.752557e+01
-1.193436e+02 0.000000e+00 -9.428136e+01 -2.506223e+01
-9.797351e+00 0.000000e+00 -1.867492e+00 -7.929859e+00
9.757223e+00 0.000000e+00 -1.867492e+00 1.162472e+01
