1.084114e+02 0.000000e+00 7.438354e+01 3.402782e+01
3.428078e+01 0.000000e+00 7.438354e+01 -4.010277e+01
6.067908e+01 0.000000e+00 1.861632e+01 4.206277e+01
-1.914942e+01 0.000000e+00 1.861632e+01 -3.776573e+01
2.157282e+02 2.331252e+02 2.331252e+02 2.157282e+02
2.536985e+02 2.331252e+02 2.331252e+02 2.536985e+02
3.201834e+01 0.000000e+00 1.272362e+01 1.929473e+01
-8.491439e+00 0.000000e+00 1.272362e+01 -2.121506e+01
-2.907467e+01 0.000000e+00 -1.736202e+01 -1.171265e+01
-4.330055e+00 0.000000e+00 -1.736202e+01 1.303197e+01
5.981557e+01 0.000000e+00 1.201477e+01 4.780080e+01
-3.146598e+01 0.000000e+00 1.201477e+01 -4.348074e+01
8.417377e+00 0.000000e+00 4.070319e+01 -3.228581e+01
8.263328e+01 0.000000e+00 4.070319e+01 4.193009e+01
-6.136473e+01 0.000000e+00 2.618909e+01 -8.755382e+01
1.038302e+02 0.000000e+00 2.618909e+01 7.764112e+01
2.870222e+01 0.000000e+00 -7.469265e+00 3.617148e+01
-3.513774e+01 0.000000e+00 -7.469265e+00 -2.766848e+01
5.010384e+01 0.000000e+00 8.254720e+01 -3.244336e+01
1.062779e+02 0.000000e+00 8.254720e+01 2.373067e+01
3.852208e+01 0.000000e+00 3.163393e+01 6.888155e+00
2.298537e+01 0.000000e+00 3.163393e+01 -8.648558e+00
3.282452e+01 0.000000e+00 4.176329e+01 -8.938774e+00
5.433838e+01 0.000000e+00 4.176329e+01 1.257509e+01
1.433195e+02 0.000000e+00 5.477736e+01 8.854214e+01
-5.461706e+01 0.000000e+00 5.477736e+01 -1.093944e+02
3.396501e+01 0.000000e+00 8.031604e+01 -4.635103e+01
1.206765e+02 0.000000e+00 8.031604e+01 4.036044e+01
3.988999e+01 0.000000e+00 -3.186332e+00 4.307632e+01
-4.296928e+01 0.000000e+00 -3.186332e+00 -3.978295e+01
-1.526234e+02 0.000000e+00 -1.205999e+02 -3.202346e+01
-8.586013e+01 0.000000e+00 -1.205999e+02 3.473978e+01
6.352248e+00 0.000000e+00 4.054998e+01 -3.419773e+01
7.391844e+01 0.000000e+00 4.054998e+01 3.336846e+01
-1.090985e+01 0.000000e+00 -1.793617e+01 7.026323e+00
-2.638432e+01 0.000000e+00 -1.793617e+01 -8.448151e+00
-6.614503e+01 0.000000e+00 -1.296868e+01 -5.317635e+01
8.153179e+00 0.000000e+00 -1.296868e+01 2.112186e+01
1.382992e+01 0.000000e+00 3.337983e+01 -1.954991e+01
6.028308e+01 0.000000e+00 3.337983e+01 2.690326e+01
4.898855e+01 0.000000e+00 -1.169948e+01 6.068803e+01
-6.794724e+01 0.000000e+00 -1.169948e+01 -5.624777e+01
1.051674e+02 0.000000e+00 3.246949e+01 7.269790e+01
-7.458332e+00 0.000000e+00 3.246949e+01 -3.992783e+01
2.253571e-01 0.000000e+00 7.744815e+00 -7.519458e+00
1.960773e+01 0.000000e+00 7.744815e+00 1.186291e+01
-9.262951e+01 0.000000e+00 -2.832061e+01 -6.430890e+01
5.777404e+01 0.000000e+00 -2.832061e+01 8.609465e+01
2.628899e+01 0.000000e+00 -2.853533e+00 2.914252e+01
-6.011356e+01 0.000000e+00 -2.853533e+00 -5.726002e+01
6.137851e+01 0.000000e+00 -1.018272e+01 7.156122e+01
-9.399828e+01 0.000000e+00 -1.018272e+01 -8.381556e+01
