1.155253e+02 0.000000e+00 3.284188e+01 8.268341e+01
-3.401022e+01 0.000000e+00 3.284188e+01 -6.685210e+01
8.950168e+01 0.000000e+00 3.062485e+00 8.643919e+01
-5.974392e+01 0.000000e+00 3.062485e+00 -6.280640e+01
-6.354317e+01 0.000000e+00 -1.029454e+01 -5.324863e+01
2.282024e+01 0.000000e+00 -1.029454e+01 3.311478e+01
-4.994037e+01 0.000000e+00 4.652055e+00 -5.459242e+01
6.156687e+01 0.000000e+00 4.652055e+00 5.691482e+01
-6.997411e+01 0.000000e+00 -8.448807e+01 1.451395e+01
-1.065371e+02 0.000000e+00 -8.448807e+01 -2.204900e+01
-6.802974e+01 0.000000e+00 -2.122956e+01 -4.680018e+01
4.023257e+01 0.000000e+00 -2.122956e+01 6.146213e+01
2.956371e+01 0.000000e+00 -7.427309e+00 3.699102e+01
-5.041871e+01 0.000000e+00 -7.427309e+00 -4.299140e+01
-3.067859e+01 0.000000e+00 -1.702787e+01 -1.365073e+01
-3.830936e+00 0.000000e+00 -1.702787e+01 1.319693e+01
-1.526346e+01 0.000000e+00 1.331850e+01 -2.858196e+01
3.635778e+01 0.000000e+00 1.331850e+01 2.303928e+01
-4.632010e+01 0.000000e+00 3.675697e+01 -8.307706e+01
9.825527e+01 0.000000e+00 3.675697e+01 6.149830e+01
-5.789888e+01 0.000000e+00 -6.182441e+01 3.925526e+00
-6.594631e+01 0.000000e+00 -6.182441e+01 -4.121906e+00
-2.436409e+00 0.000000e+00 -3.103321e+00 6.669121e-01
-3.930973e+00 0.000000e+00 -3.103321e+00 -8.276520e-01
1.484522e+02 1.197551e+02 1.197551e+02 1.484522e+02
8.446375e+01 1.197551e+02 1.197551e+02 8.446375e+01
-3.147535e+01 0.000000e+00 1.658659e+01 -4.806194e+01
7.332375e+01 0.000000e+00 1.658659e+01 5.673716e+01
-4.094469e+01 0.000000e+00 -8.947621e+00 -3.199707e+01
3.179998e+01 0.000000e+00 -8.947621e+00 4.074760e+01
3.620425e+01 0.000000e+00 3.353195e+00 3.285106e+01
-2.542142e+01 0.000000e+00 3.353195e+00 -2.877461e+01
4.985072e+01 0.000000e+00 2.205483e+01 2.779588e+01
-7.503610e+00 0.000000e+00 2.205483e+01 -2.955844e+01
-6.569809e+01 0.000000e+00 -3.573167e+01 -2.996642e+01
1.388149e+00 0.000000e+00 -3.573167e+01 3.711982e+01
-2.111557e+01 0.000000e+00 -1.169804e+01 -9.417526e+00
-8.868965e+00 0.000000e+00 -1.169804e+01 2.829079e+00
7.427071e+00 0.000000e+00 2.209465e+01 -1.466758e+01
3.501670e+01 0.000000e+00 2.209465e+01 1.292205e+01
-5.452299e+01 0.000000e+00 -6.419286e+01 9.669872e+00
-7.611888e+01 0.000000e+00 -6.419286e+01 -1.192602e+01
5.953738e+01 0.000000e+00 5.509010e+01 4.447273e+00
4.928242e+01 0.000000e+00 5.509010e+01 -5.807678e+00
4.987620e+01 0.000000e+00 6.932672e+01 -1.945052e+01
9.345687e+01 0.000000e+00 6.932672e+01 2.413015e+01
-2.491382e+01 0.000000e+00 1.069031e+01 -3.560413e+01
3.857310e+01 0.000000e+00 1.069031e+01 2.788279e+01
-1.045197e+01 0.000000e+00 -2.358319e+01 1.313122e+01
-4.557801e+01 0.000000e+00 -2.358319e+01 -2.199483e+01
-7.816565e+01 0.000000e+00 -9.878994e+01 2.062429e+01
-1.228125e+02 0.000000e+00 -9.878994e+01 -2.402257e+01
