5.546832e+01 0.000000e+00 -8.651573e+00 6.411989e+01
-4.735150e+01 0.000000e+00 -8.651573e+00 -3.869993e+01
-7.352981e+01 0.000000e+00 -5.240857e+01 -2.112124e+01
-3.721824e+01 0.000000e+00 -5.240857e+01 1.519033e+01
-1.178160e+02 0.000000e+00 -3.744846e+01 -8.036755e+01
5.274225e+01 0.000000e+00 -3.744846e+01 9.019071e+01
2.344954e+01 0.000000e+00 -8.449737e+00 3.189928e+01
-3.916215e+01 0.000000e+00 -8.449737e+00 -3.071241e+01
2.797602e+01 0.000000e+00 7.847882e+00 2.012813e+01
-1.751809e+01 0.000000e+00 7.847882e+00 -2.536597e+01
7.748047e+00 0.000000e+00 -4.449625e+01 5.224429e+01
-1.004717e+02 0.000000e+00 -4.449625e+01 -5.597544e+01
-2.820107e+01 0.000000e+00 -2.846555e+01 2.644825e-01
-2.869450e+01 0.000000e+00 -2.846555e+01 -2.289448e-01
-1.427110e+01 0.000000e+00 -1.319508e+01 -1.076018e+00
-1.210139e+01 0.000000e+00 -1.319508e+01 1.093694e+00
-5.533655e+01 0.000000e+00 -5.842054e+01 3.083988e+00
-6.090371e+01 0.000000e+00 -5.842054e+01 -2.483177e+00
4.755336e+01 0.000000e+00 6.500682e+01 -1.745346e+01
7.522900e+01 0.000000e+00 6.500682e+01 1.022218e+01
-9.314453e+01 0.000000e+00 -4.767522e+01 -4.546931e+01
-1.783560e+00 0.000000e+00 -4.767522e+01 4.589166e+01
-6.201225e+01 0.000000e+00 -3.665525e+01 -2.535699e+01
-1.172486e+01 0.000000e+00 -3.665525e+01 2.493039e+01
-6.956268e+01 0.000000e+00 -3.016388e+01 -3.939880e+01
5.397001e+00 0.000000e+00 -3.016388e+01 3.556088e+01
3.416174e+01 0.000000e+00 6.136623e+01 -2.720449e+01
8.934262e+01 0.000000e+00 6.136623e+01 2.797639e+01
1.328102e+01 0.000000e+00 1.161194e+01 1.669086e+00
8.934227e+00 0.000000e+00 1.161194e+01 -2.677710e+00
6.524397e+01 0.000000e+00 1.699862e+01 4.824535e+01
-2.747984e+01 0.000000e+00 1.699862e+01 -4.447845e+01
-2.405153e+01 0.000000e+00 -2.347838e+01 -5.731468e-01
-2.316306e+01 0.000000e+00 -2.347838e+01 3.153152e-01
1.610897e+00 0.000000e+00 -4.334142e+01 4.495231e+01
-8.505390e+01 0.000000e+00 -4.334142e+01 -4.171249e+01
-2.411154e+01 0.000000e+00 -3.626710e+01 1.215556e+01
-4.178357e+01 0.000000e+00 -3.626710e+01 -5.516464e+00
-1.680906e+00 0.000000e+00 -3.855368e+01 3.687278e+01
-8.151591e+01 0.000000e+00 -3.855368e+01 -4.296223e+01
-5.360467e+01 0.000000e+00 -9.531097e+01 4.170631e+01
-1.217857e+02 0.000000e+00 -9.531097e+01 -2.647472e+01
-8.764909e+01 0.000000e+00 -6.500937e+01 -2.263972e+01
-4.747373e+01 0.000000e+00 -6.500937e+01 1.753564e+01
-3.714543e+01 0.000000e+00 -3.482885e+00 -3.366255e+01
3.803300e+01 0.000000e+00 -3.482885e+00 4.151588e+01
-1.038216e+02 0.000000e+00 -4.898569e+01 -5.483591e+01
8.640099e-01 0.000000e+00 -4.898569e+01 4.984970e+01
2.150101e+02 1.876103e+02 1.876103e+02 2.150101e+02
1.433598e+02 1.876103e+02 1.876103e+02 1.433598e+02
-3.829321e+01 0.000000e+00 -2.520185e+01 -1.309137e+01
-1.273023e+01 0.000000e+00 -2.520185e+01 1.247162e+01
