-4.687187e+01 0.000000e+00 1.246238e+01 -5.933426e+01
7.195368e+01 0.000000e+00 1.246238e+01 5.949130e+01
-3.197104e+00 0.000000e+00 -7.926019e+00 4.728915e+00
-2.959034e+01 0.000000e+00 -7.926019e+00 -2.166432e+01
-8.224905e+01 0.000000e+00 -1.198738e+01 -7.026167e+01
3.207344e+01 0.000000e+00 -1.198738e+01 4.406083e+01
2.397161e+01 0.000000e+00 2.158121e+01 2.390406e+00
1.962918e+01 0.000000e+00 2.158121e+01 -1.952023e+00
-3.041170e+00 0.000000e+00 2.652145e+01 -2.956262e+01
4.683796e+01 0.000000e+00 2.652145e+01 2.031651e+01
-6.299513e+01 0.000000e+00 -3.544751e+01 -2.754763e+01
-9.868311e+00 0.000000e+00 -3.544751e+01 2.557920e+01
-5.046345e+01 0.000000e+00 -5.284221e+01 2.378757e+00
-5.546078e+01 0.000000e+00 -5.284221e+01 -2.618572e+00
3.285217e+01 0.000000e+00 2.531876e+00 3.032030e+01
-7.433093e+01 0.000000e+00 2.531876e+00 -7.686281e+01
1.132053e+02 0.000000e+00 1.108543e+02 2.351021e+00
1.093120e+02 0.000000e+00 1.108543e+02 -1.542244e+00
3.796999e+01 0.000000e+00 -2.639722e+00 4.060971e+01
-3.249974e+01 0.000000e+00 -2.639722e+00 -2.986002e+01
-8.899940e+00 0.000000e+00 -5.540697e+00 -3.359243e+00
1.043833e+00 0.000000e+00 -5.540697e+00 6.584530e+00
1.842015e+02 1.218622e+02 1.218622e+02 1.842015e+02
2.473550e+01 1.218622e+02 1.218622e+02 2.473550e+01
7.574333e+01 0.000000e+00 5.210814e+01 2.363519e+01
2.421613e+01 0.000000e+00 5.210814e+01 -2.789201e+01
1.050441e+02 0.000000e+00 6.649930e+01 3.854482e+01
2.238571e+01 0.000000e+00 6.649930e+01 -4.411359e+01
1.344745e+02 0.000000e+00 4.131359e+01 9.316092e+01
-5.876669e+01 0.000000e+00 4.131359e+01 -1.000803e+02
-6.097413e+01 0.000000e+00 -6.398672e+01 3.012596e+00
-6.599167e+01 0.000000e+00 -6.398672e+01 -2.004944e+00
5.514941e+01 0.000000e+00 3.838049e+00 5.131136e+01
-5.648649e+01 0.000000e+00 3.838049e+00 -6.032454e+01
-2.610190e+01 0.000000e+00 -8.332115e+01 5.721925e+01
-1.485456e+02 0.000000e+00 -8.332115e+01 -6.522443e+01
3.998144e+01 0.000000e+00 -1.991674e+01 5.989818e+01
-4.051381e+01 0.000000e+00 -1.991674e+01 -2.059707e+01
3.155539e+01 0.000000e+00 2.669044e+01 4.864943e+00
2.188728e+01 0.000000e+00 2.669044e+01 -4.803167e+00
8.253779e+00 0.000000e+00 7.376744e+00 8.770356e-01
6.714923e+00 0.000000e+00 7.376744e+00 -6.618209e-01
-8.345676e+01 0.000000e+00 4.493544e+00 -8.795031e+01
9.188604e+01 0.000000e+00 4.493544e+00 8.739250e+01
-1.444403e+01 0.000000e+00 -7.521542e+00 -6.922485e+00
-5.926895e-01 0.000000e+00 -7.521542e+00 6.928853e+00
-3.309943e+01 0.000000e+00 -9.430139e+00 -2.366930e+01
9.122345e+00 0.000000e+00 -9.430139e+00 1.855248e+01
4.014120e+01 0.000000e+00 1.385957e+01 2.628163e+01
-1.151114e+01 0.000000e+00 1.385957e+01 -2.537072e+01
6.532254e+01 0.000000e+00 7.303089e+01 -7.708351e+00
8.200922e+01 0.000000e+00 7.303089e+01 8.978333e+00
