1.751054e+02 0.000000e+00 1.401819e+02 3.492351e+01
1.128057e+02 0.000000e+00 1.401819e+02 -2.737624e+01
-2.193492e+01 0.000000e+00 -1.214857e+01 -9.786345e+00
-3.201539e+00 0.000000e+00 -1.214857e+01 8.947033e+00
5.242145e+01 0.000000e+00 1.127450e+02 -6.032354e+01
1.629207e+02 0.000000e+00 1.127450e+02 5.017570e+01
-3.142488e+01 0.000000e+00 1.702910e+01 -4.845399e+01
8.124995e+01 0.000000e+00 1.702910e+01 6.422085e+01
-2.179978e+02 0.000000e+00 -1.067263e+02 -1.112715e+02
5.250549e-01 0.000000e+00 -1.067263e+02 1.072513e+02
-7.785806e+01 0.000000e+00 -1.702034e+01 -6.083772e+01
5.724293e+01 0.000000e+00 -1.702034e+01 7.426327e+01
1.798223e+01 0.000000e+00 -7.684684e-01 1.875070e+01
-2.442298e+01 0.000000e+00 -7.684684e-01 -2.365451e+01
1.694230e+01 0.000000e+00 8.547535e+00 8.394762e+00
-1.667931e+00 0.000000e+00 8.547535e+00 -1.021547e+01
1.869051e+01 0.000000e+00 2.354099e+01 -4.850479e+00
2.687231e+01 0.000000e+00 2.354099e+01 3.331318e+00
-3.441062e+01 0.000000e+00 -1.056504e+02 7.123974e+01
-1.956270e+02 0.000000e+00 -1.056504e+02 -8.997661e+01
-3.176641e+01 0.000000e+00 -3.392767e+01 2.161257e+00
-3.698908e+01 0.000000e+00 -3.392767e+01 -3.061413e+00
8.321362e+01 0.000000e+00 5.157303e+01 3.164059e+01
1.134897e+01 0.000000e+00 5.157303e+01 -4.022406e+01
-9.119165e+01 0.000000e+00 -6.663694e+01 -2.455471e+01
-2.982791e+01 0.000000e+00 -6.663694e+01 3.680903e+01
3.328226e+01 0.000000e+00 -1.039584e+00 3.432185e+01
-6.486114e+01 0.000000e+00 -1.039584e+00 -6.382155e+01
8.181011e+00 0.000000e+00 -1.784187e+01 2.602288e+01
-4.349434e+01 0.000000e+00 -1.784187e+01 -2.565247e+01
-3.628561e+01 0.000000e+00 -5.841590e+01 2.213029e+01
-7.589010e+01 0.000000e+00 -5.841590e+01 -1.747420e+01
-2.386107e+01 0.000000e+00 -3.140276e+01 7.541687e+00
-4.098779e+01 0.000000e+00 -3.140276e+01 -9.585037e+00
-2.685642e+02 0.000000e+00 -1.891124e+02 -7.945180e+01
-8.384845e+01 0.000000e+00 -1.891124e+02 1.052639e+02
3.103446e+02 2.998888e+02 2.998888e+02 3.103446e+02
2.939576e+02 2.998888e+02 2.998888e+02 2.939576e+02
3.352257e+01 0.000000e+00 2.622014e+01 7.302425e+00
1.688335e+01 0.000000e+00 2.622014e+01 -9.336796e+00
1.036331e+02 0.000000e+00 3.506977e+01 6.856334e+01
-6.057048e+01 0.000000e+00 3.506977e+01 -9.564025e+01
7.894551e+01 0.000000e+00 5.055070e+01 2.839481e+01
9.623590e+00 0.000000e+00 5.055070e+01 -4.092711e+01
9.229869e+01 0.000000e+00 1.062074e+02 -1.390873e+01
1.208392e+02 0.000000e+00 1.062074e+02 1.463174e+01
4.803426e+01 0.000000e+00 -1.279406e+01 6.082832e+01
-3.660703e+01 0.000000e+00 -1.279406e+01 -2.381297e+01
1.516484e+01 0.000000e+00 4.101193e+00 1.106365e+01
-1.602502e+01 0.000000e+00 4.101193e+00 -2.012622e+01
-5.930895e+01 0.000000e+00 -7.422071e+01 1.491176e+01
-9.152008e+01 0.000000e+00 -7.422071e+01 -1.729937e+01
