2.915146e+01 0.000000e+00 2.320678e+01 5.944685e+00
1.905383e+01 0.000000e+00 2.320678e+01 -4.152945e+00
1.319568e+02 0.000000e+00 4.939927e+01 8.255758e+01
-3.115240e+00 0.000000e+00 4.939927e+01 -5.251451e+01
5.411613e+01 0.000000e+00 1.629349e+01 3.782265e+01
-1.516727e+01 0.000000e+00 1.629349e+01 -3.146076e+01
5.573117e+01 0.000000e+00 1.302698e+02 -7.453861e+01
2.464947e+02 0.000000e+00 1.302698e+02 1.162249e+02
1.289529e+01 0.000000e+00 -4.634460e+01 5.923990e+01
-1.059279e+02 0.000000e+00 -4.634460e+01 -5.958334e+01
1.235153e+02 1.724000e+02 1.724000e+02 1.235153e+02
2.275305e+02 1.724000e+02 1.724000e+02 2.275305e+02
5.721503e+01 0.000000e+00 3.928781e+01 1.792722e+01
5.524773e+00 0.000000e+00 3.928781e+01 -3.376304e+01
-3.496759e+01 0.000000e+00 2.010784e+01 -5.507543e+01
8.020290e+01 0.000000e+00 2.010784e+01 6.009506e+01
-1.782084e+01 0.000000e+00 4.217628e-01 -1.824261e+01
1.662809e+01 0.000000e+00 4.217628e-01 1.620633e+01
2.055839e+01 0.000000e+00 -3.244883e+01 5.300722e+01
-7.028831e+01 0.000000e+00 -3.244883e+01 -3.783948e+01
-3.106933e+01 0.000000e+00 -1.396279e+01 -1.710654e+01
9.037892e+00 0.000000e+00 -1.396279e+01 2.300068e+01
3.149242e+01 0.000000e+00 7.049595e-01 3.078746e+01
-3.684658e+01 0.000000e+00 7.049595e-01 -3.755154e+01
8.452894e+01 0.000000e+00 -2.727594e+01 1.118049e+02
-1.155442e+02 0.000000e+00 -2.727594e+01 -8.826822e+01
3.838844e+01 0.000000e+00 -1.722210e+00 4.011065e+01
-4.693565e+01 0.000000e+00 -1.722210e+00 -4.521344e+01
-3.661078e+01 0.000000e+00 2.545828e+00 -3.915661e+01
3.454260e+01 0.000000e+00 2.545828e+00 3.199677e+01
3.012301e+01 0.000000e+00 1.447561e+01 1.564740e+01
1.400368e+00 0.000000e+00 1.447561e+01 -1.307524e+01
-1.724446e+01 0.000000e+00 -3.789692e+00 -1.345477e+01
8.807510e+00 0.000000e+00 -3.789692e+00 1.259720e+01
-7.939175e+01 0.000000e+00 -8.248390e+01 3.092148e+00
-8.509682e+01 0.000000e+00 -8.248390e+01 -2.612915e+00
-3.898355e+01 0.000000e+00 -1.276126e+01 -2.622229e+01
-9.777792e+00 0.000000e+00 -1.276126e+01 2.983470e+00
-5.493074e+01 0.000000e+00 -1.502735e+01 -3.990340e+01
4.467455e+01 0.000000e+00 -1.502735e+01 5.970190e+01
1.000413e+01 0.000000e+00 -3.384605e+01 4.385018e+01
-7.640373e+01 0.000000e+00 -3.384605e+01 -4.255768e+01
1.741244e+01 0.000000e+00 6.705381e+00 1.070705e+01
-6.200066e-01 0.000000e+00 6.705381e+00 -7.325388e+00
1.996455e+02 0.000000e+00 1.176373e+02 8.200817e+01
2.283313e+01 0.000000e+00 1.176373e+02 -9.480416e+01
-8.224297e+01 0.000000e+00 -4.661863e+01 -3.562435e+01
-1.296336e+01 0.000000e+00 -4.661863e+01 3.365527e+01
-4.775317e+01 0.000000e+00 -2.784419e+01 -1.990898e+01
9.435425e+00 0.000000e+00 -2.784419e+01 3.727962e+01
-1.635025e+01 0.000000e+00 1.233387e+01 -2.868412e+01
4.032162e+01 0.000000e+00 1.233387e+01 2.798775e+01
