5.540779e+01 0.000000e+00 2.076769e+01 3.464010e+01
-8.569252e+00 0.000000e+00 2.076769e+01 -2.933694e+01
5.593220e+00 0.000000e+00 5.889130e-01 5.004307e+00
-7.466587e+00 0.000000e+00 5.889130e-01 -8.055500e+00
1.712891e+02 0.000000e+00 4.183722e+01 1.294519e+02
-4.264698e+01 0.000000e+00 4.183722e+01 -8.448419e+01
-6.072284e+01 0.000000e+00 -4.627060e+01 -1.445224e+01
-3.465075e+01 0.000000e+00 -4.627060e+01 1.161985e+01
7.313641e+01 0.000000e+00 -2.450918e+00 7.558733e+01
-7.231588e+01 0.000000e+00 -2.450918e+00 -6.986496e+01
-3.146246e+01 0.000000e+00 3.304942e+00 -3.476740e+01
5.276208e+01 0.000000e+00 3.304942e+00 4.945714e+01
-1.761959e+01 0.000000e+00 -1.279666e+01 -4.822923e+00
-7.675664e+00 0.000000e+00 -1.279666e+01 5.120998e+00
-2.001910e-01 0.000000e+00 4.909782e+01 -4.929801e+01
8.747311e+01 0.000000e+00 4.909782e+01 3.837530e+01
-1.032275e+02 0.000000e+00 -9.866834e+01 -4.559135e+00
-9.417181e+01 0.000000e+00 -9.866834e+01 4.496529e+00
8.892386e+01 0.000000e+00 6.833226e+01 2.059160e+01
5.031737e+01 0.000000e+00 6.833226e+01 -1.801489e+01
1.881119e+02 1.840374e+02 1.840374e+02 1.881119e+02
1.802297e+02 1.840374e+02 1.840374e+02 1.802297e+02
-6.186628e+01 0.000000e+00 -5.975909e+01 -2.107182e+00
-5.690117e+01 0.000000e+00 -5.975909e+01 2.857929e+00
-7.202121e+01 0.000000e+00 -3.651435e+01 -3.550686e+01
9.718809e+00 0.000000e+00 -3.651435e+01 4.623316e+01
1.035233e+02 0.000000e+00 4.194900e+01 6.157425e+01
-4.798946e+01 0.000000e+00 4.194900e+01 -8.993847e+01
2.212215e+01 0.000000e+00 1.556412e+01 6.558030e+00
8.805395e+00 0.000000e+00 1.556412e+01 -6.758729e+00
-8.374600e+01 0.000000e+00 -9.319292e+01 9.446915e+00
-9.973289e+01 0.000000e+00 -9.319292e+01 -6.539978e+00
1.331749e+02 0.000000e+00 -6.377213e+00 1.395521e+02
-1.496055e+02 0.000000e+00 -6.377213e+00 -1.432283e+02
-1.822695e+02 0.000000e+00 -8.422453e+01 -9.804493e+01
1.263192e+01 0.000000e+00 -8.422453e+01 9.685645e+01
9.370701e+01 0.000000e+00 7.655287e+01 1.715414e+01
6.793116e+01 0.000000e+00 7.655287e+01 -8.621712e+00
2.402415e+02 0.000000e+00 1.020913e+02 1.381502e+02
-9.646822e+01 0.000000e+00 1.020913e+02 -1.985595e+02
-7.930443e+01 0.000000e+00 -1.577398e+01 -6.353045e+01
4.280027e+01 0.000000e+00 -1.577398e+01 5.857425e+01
-2.088684e+01 0.000000e+00 -1.497615e+01 -5.910690e+00
-9.819020e+00 0.000000e+00 -1.497615e+01 5.157130e+00
3.055328e+01 0.000000e+00 5.139107e+01 -2.083779e+01
6.959711e+01 0.000000e+00 5.139107e+01 1.820604e+01
2.030154e+02 0.000000e+00 1.636485e+02 3.936691e+01
1.473308e+02 0.000000e+00 1.636485e+02 -1.631766e+01
1.338958e+02 0.000000e+00 2.521861e+01 1.086772e+02
-1.854241e+02 0.000000e+00 2.521861e+01 -2.106427e+02
8.080077e+01 0.000000e+00 5.759480e+01 2.320598e+01
2.980914e+01 0.000000e+00 5.759480e+01 -2.778566e+01
