1.883980e+00 0.000000e+00 3.604910e+01 -3.416512e+01
7.508954e+01 0.000000e+00 3.604910e+01 3.904044e+01
-7.154745e+00 0.000000e+00 1.665127e+01 -2.380602e+01
3.051945e+01 0.000000e+00 1.665127e+01 1.386818e+01
5.347025e+01 0.000000e+00 5.552775e+00 4.791747e+01
-4.287721e+01 0.000000e+00 5.552775e+00 -4.842998e+01
2.798563e+01 0.000000e+00 4.768378e+01 -1.969815e+01
6.413631e+01 0.000000e+00 4.768378e+01 1.645253e+01
2.364797e+01 0.000000e+00 2.790015e+01 -4.252182e+00
3.168538e+01 0.000000e+00 2.790015e+01 3.785225e+00
3.899931e+00 0.000000e+00 5.124102e+00 -1.224171e+00
6.815225e+00 0.000000e+00 5.124102e+00 1.691123e+00
-1.132683e+01 0.000000e+00 2.852416e+01 -3.985099e+01
7.141247e+01 0.000000e+00 2.852416e+01 4.288831e+01
-4.821906e+01 0.000000e+00 -2.206023e+01 -2.615883e+01
4.223450e+00 0.000000e+00 -2.206023e+01 2.628368e+01
-7.146020e+01 0.000000e+00 -2.352882e+01 -4.793138e+01
1.473306e+01 0.000000e+00 -2.352882e+01 3.826188e+01
-3.975298e+01 0.000000e+00 1.804024e+01 -5.779322e+01
6.744273e+01 0.000000e+00 1.804024e+01 4.940249e+01
-4.621601e+01 0.000000e+00 -1.358798e+01 -3.262803e+01
2.531024e+01 0.000000e+00 -1.358798e+01 3.889822e+01
-2.387851e+01 0.000000e+00 1.982125e+01 -4.369976e+01
6.700827e+01 0.000000e+00 1.982125e+01 4.718702e+01
1.054565e+01 0.000000e+00 2.019046e+01 -9.644817e+00
3.043616e+01 0.000000e+00 2.019046e+01 1.024569e+01
-2.532149e+01 0.000000e+00 -1.891386e+01 -6.407621e+00
-1.207117e+01 0.000000e+00 -1.891386e+01 6.842691e+00
8.866007e+01 0.000000e+00 3.999193e+01 4.866814e+01
-1.938164e+01 0.000000e+00 3.999193e+01 -5.937357e+01
5.578094e+00 0.000000e+00 3.571525e+01 -3.013716e+01
6.244545e+01 0.000000e+00 3.571525e+01 2.673020e+01
4.765249e+00 0.000000e+00 -3.697791e+00 8.463040e+00
-1.197470e+01 0.000000e+00 -3.697791e+00 -8.276908e+00
-8.581916e+01 0.000000e+00 -7.093467e+01 -1.488449e+01
-5.670622e+01 0.000000e+00 -7.093467e+01 1.422845e+01
-3.977222e+00 0.000000e+00 -4.095473e+01 3.697750e+01
-5.753617e+01 0.000000e+00 -4.095473e+01 -1.658144e+01
1.493608e+02 1.547486e+02 1.547486e+02 1.493608e+02
1.599586e+02 1.547486e+02 1.547486e+02 1.599586e+02
1.903309e+01 0.000000e+00 -3.046726e+01 4.950035e+01
-7.239134e+01 0.000000e+00 -3.046726e+01 -4.192408e+01
-2.551266e+01 0.000000e+00 -2.387972e+01 -1.632946e+00
-2.287527e+01 0.000000e+00 -2.387972e+01 1.004452e+00
-1.241219e+01 0.000000e+00 2.109500e+01 -3.350719e+01
8.119281e+01 0.000000e+00 2.109500e+01 6.009781e+01
-2.210356e+01 0.000000e+00 -6.406663e+00 -1.569689e+01
5.352438e+00 0.000000e+00 -6.406663e+00 1.175910e+01
2.732862e+00 0.000000e+00 -3.052047e+01 3.325333e+01
-8.359548e+01 0.000000e+00 -3.052047e+01 -5.307501e+01
5.798728e+01 0.000000e+00 3.609504e+01 2.189224e+01
1.188638e+01 0.000000e+00 3.609504e+01 -2.420866e+01
