1.251399e+02 0.000000e+00 1.418830e+02 -1.674312e+01
1.552125e+02 0.000000e+00 1.418830e+02 1.332950e+01
9.907057e+01 0.000000e+00 6.737230e+01 3.169827e+01
3.135819e+01 0.000000e+00 6.737230e+01 -3.601410e+01
-7.705345e+00 0.000000e+00 1.356981e+00 -9.062326e+00
9.988857e+00 0.000000e+00 1.356981e+00 8.631877e+00
6.663881e+01 0.000000e+00 1.055300e+02 -3.889122e+01
1.440263e+02 0.000000e+00 1.055300e+02 3.849629e+01
2.826384e+01 0.000000e+00 -3.819114e+01 6.645498e+01
-1.119539e+02 0.000000e+00 -3.819114e+01 -7.376280e+01
-2.379341e+01 0.000000e+00 2.090991e+01 -4.470332e+01
5.505931e+01 0.000000e+00 2.090991e+01 3.414941e+01
2.857020e+01 0.000000e+00 -2.197515e-01 2.878995e+01
-2.993719e+01 0.000000e+00 -2.197515e-01 -2.971744e+01
8.659412e+01 0.000000e+00 1.080945e+02 -2.150043e+01
1.282489e+02 0.000000e+00 1.080945e+02 2.015431e+01
3.300951e+01 0.000000e+00 2.768692e+01 5.322598e+00
2.263745e+01 0.000000e+00 2.768692e+01 -5.049461e+00
-2.722891e+01 0.000000e+00 -6.317735e+01 3.594844e+01
-9.618998e+01 0.000000e+00 -6.317735e+01 -3.301263e+01
7.515306e+00 0.000000e+00 -5.528763e+01 6.280293e+01
-1.329242e+02 0.000000e+00 -5.528763e+01 -7.763657e+01
1.078313e+02 0.000000e+00 1.063883e+02 1.442993e+00
1.042660e+02 0.000000e+00 1.063883e+02 -2.122322e+00
8.741441e+00 0.000000e+00 -1.640180e+01 2.514324e+01
-4.378468e+01 0.000000e+00 -1.640180e+01 -2.738288e+01
2.720214e+01 0.000000e+00 -9.430357e+00 3.663250e+01
-5.639838e+01 0.000000e+00 -9.430357e+00 -4.696802e+01
-8.919477e+00 0.000000e+00 -1.389471e+01 4.975235e+00
-1.822663e+01 0.000000e+00 -1.389471e+01 -4.331921e+00
1.149744e+01 0.000000e+00 1.026571e+01 1.231724e+00
8.970861e+00 0.000000e+00 1.026571e+01 -1.294853e+00
1.420683e+02 0.000000e+00 6.408505e+01 7.798328e+01
-1.641425e+01 0.000000e+00 6.408505e+01 -8.049930e+01
6.575021e+01 0.000000e+00 -1.015716e+00 6.676593e+01
-7.697605e+01 0.000000e+00 -1.015716e+00 -7.596034e+01
1.181806e+02 0.000000e+00 3.156786e+01 8.661270e+01
-5.771674e+01 0.000000e+00 3.156786e+01 -8.928460e+01
9.792007e+01 0.000000e+00 4.081946e+00 9.383812e+01
-7.360542e+01 0.000000e+00 4.081946e+00 -7.768737e+01
2.316105e+01 0.000000e+00 -9.147643e+00 3.230869e+01
-4.644993e+01 0.000000e+00 -9.147643e+00 -3.730229e+01
-6.543678e+01 0.000000e+00 -2.304213e+01 -4.239465e+01
7.634499e+00 0.000000e+00 -2.304213e+01 3.067663e+01
4.652508e+01 0.000000e+00 6.267556e+01 -1.615048e+01
8.439192e+01 0.000000e+00 6.267556e+01 2.171637e+01
-4.558409e+01 0.000000e+00 -5.472846e+00 -4.011124e+01
2.367547e+01 0.000000e+00 -5.472846e+00 2.914831e+01
1.592830e+01 0.000000e+00 -1.567963e+01 3.160793e+01
-8.089348e+01 0.000000e+00 -1.567963e+01 -6.521385e+01
2.698548e+02 2.540504e+02 2.540504e+02 2.698548e+02
2.337030e+02 2.540504e+02 2.540504e+02 2.337030e+02
