3.595186e+02 0.000000e+00 2.263575e+02 1.331611e+02
1.149767e+02 0.000000e+00 2.263575e+02 -1.113808e+02
1.667199e+02 0.000000e+00 1.416278e+02 2.509206e+01
1.217986e+02 0.000000e+00 1.416278e+02 -1.982917e+01
9.544913e+01 0.000000e+00 7.052444e+01 2.492470e+01
4.432377e+01 0.000000e+00 7.052444e+01 -2.620066e+01
1.192109e+02 0.000000e+00 8.378600e+01 3.542492e+01
3.083014e+01 0.000000e+00 8.378600e+01 -5.295586e+01
3.310969e+02 0.000000e+00 2.924439e+02 3.865292e+01
2.534773e+02 0.000000e+00 2.924439e+02 -3.896664e+01
1.070409e+02 0.000000e+00 1.172353e+02 -1.019447e+01
1.290715e+02 0.000000e+00 1.172353e+02 1.183619e+01
-1.262500e+01 0.000000e+00 2.926696e+01 -4.189195e+01
7.463730e+01 0.000000e+00 2.926696e+01 4.537034e+01
2.466546e+02 0.000000e+00 1.678661e+02 7.878853e+01
7.925539e+01 0.000000e+00 1.678661e+02 -8.861072e+01
1.142530e+02 0.000000e+00 6.597223e+01 4.828072e+01
2.384906e+01 0.000000e+00 6.597223e+01 -4.212317e+01
-4.477672e+00 0.000000e+00 6.473135e+01 -6.920902e+01
1.200728e+02 0.000000e+00 6.473135e+01 5.534144e+01
1.939029e+02 0.000000e+00 1.240791e+02 6.982380e+01
5.780870e+01 0.000000e+00 1.240791e+02 -6.627039e+01
1.669906e+02 0.000000e+00 2.044888e+02 -3.749826e+01
2.422443e+02 0.000000e+00 2.044888e+02 3.775546e+01
7.848089e+02 8.075141e+02 8.075141e+02 7.848089e+02
8.266080e+02 8.075141e+02 8.075141e+02 8.266080e+02
6.640263e+01 0.000000e+00 7.711923e+01 -1.071660e+01
8.955600e+01 0.000000e+00 7.711923e+01 1.243677e+01
1.336941e+02 0.000000e+00 1.129461e+02 2.074798e+01
9.065630e+01 0.000000e+00 1.129461e+02 -2.228978e+01
1.876665e+02 0.000000e+00 1.609440e+02 2.672244e+01
1.296842e+02 0.000000e+00 1.609440e+02 -3.125981e+01
4.638955e+02 0.000000e+00 3.588702e+02 1.050253e+02
2.511476e+02 0.000000e+00 3.588702e+02 -1.077227e+02
3.878089e+01 0.000000e+00 6.616375e+01 -2.738286e+01
9.406094e+01 0.000000e+00 6.616375e+01 2.789719e+01
6.400806e+02 0.000000e+00 4.924016e+02 1.476790e+02
4.100149e+02 0.000000e+00 4.924016e+02 -8.238672e+01
4.703998e+02 0.000000e+00 3.246973e+02 1.457025e+02
1.505453e+02 0.000000e+00 3.246973e+02 -1.741520e+02
1.123897e+02 0.000000e+00 1.552280e+02 -4.283835e+01
1.889027e+02 0.000000e+00 1.552280e+02 3.367468e+01
2.004542e+02 0.000000e+00 6.073248e+01 1.397217e+02
-3.999342e+01 0.000000e+00 6.073248e+01 -1.007259e+02
-5.420927e+01 0.000000e+00 -4.643555e+01 -7.773720e+00
-3.512293e+01 0.000000e+00 -4.643555e+01 1.131263e+01
2.312525e+02 0.000000e+00 2.148022e+02 1.645032e+01
1.972989e+02 0.000000e+00 2.148022e+02 -1.750323e+01
1.114986e+02 0.000000e+00 1.368129e+02 -2.531431e+01
1.692489e+02 0.000000e+00 1.368129e+02 3.243604e+01
3.057115e+02 0.000000e+00 2.240697e+02 8.164171e+01
1.263197e+02 0.000000e+00 2.240697e+02 -9.775006e+01
