1.307129e+02 0.000000e+00 6.362391e+01 6.708901e+01
-1.770937e+01 0.000000e+00 6.362391e+01 -8.133328e+01
3.361488e+02 0.000000e+00 3.132769e+02 2.287183e+01
2.897115e+02 0.000000e+00 3.132769e+02 -2.356543e+01
-3.323209e+01 0.000000e+00 -6.262116e+01 2.938907e+01
-8.688751e+01 0.000000e+00 -6.262116e+01 -2.426635e+01
1.079215e+02 0.000000e+00 7.027558e+01 3.764594e+01
2.897857e+01 0.000000e+00 7.027558e+01 -4.129701e+01
2.133829e+02 0.000000e+00 2.149456e+02 -1.562653e+00
2.175073e+02 0.000000e+00 2.149456e+02 2.561737e+00
9.350436e+01 0.000000e+00 7.387934e+01 1.962502e+01
4.886680e+01 0.000000e+00 7.387934e+01 -2.501254e+01
4.285240e+01 0.000000e+00 4.525371e+01 -2.401306e+00
4.785309e+01 0.000000e+00 4.525371e+01 2.599380e+00
1.204411e+02 0.000000e+00 8.393010e+01 3.651098e+01
5.394292e+01 0.000000e+00 8.393010e+01 -2.998717e+01
1.429436e+02 0.000000e+00 1.906295e+02 -4.768584e+01
2.363032e+02 0.000000e+00 1.906295e+02 4.567371e+01
5.861759e-01 0.000000e+00 7.147104e+01 -7.088486e+01
1.340125e+02 0.000000e+00 7.147104e+01 6.254146e+01
2.543531e+02 0.000000e+00 1.940508e+02 6.030228e+01
1.325554e+02 0.000000e+00 1.940508e+02 -6.149544e+01
3.147582e+02 0.000000e+00 3.140662e+02 6.919556e-01
3.133810e+02 0.000000e+00 3.140662e+02 -6.851807e-01
2.699862e+02 0.000000e+00 1.900232e+02 7.996300e+01
1.171470e+02 0.000000e+00 1.900232e+02 -7.287617e+01
7.471105e+01 0.000000e+00 7.625804e+01 -1.546989e+00
7.796022e+01 0.000000e+00 7.625804e+01 1.702179e+00
6.062678e+02 0.000000e+00 5.803870e+02 2.588080e+01
5.547223e+02 0.000000e+00 5.803870e+02 -2.566473e+01
1.852221e+02 0.000000e+00 1.365600e+02 4.866205e+01
8.551118e+01 0.000000e+00 1.365600e+02 -5.104885e+01
1.079203e+01 0.000000e+00 1.672717e+01 -5.935140e+00
2.246641e+01 0.000000e+00 1.672717e+01 5.739244e+00
2.787089e+02 0.000000e+00 2.532281e+02 2.548083e+01
2.268592e+02 0.000000e+00 2.532281e+02 -2.636885e+01
1.433188e+02 0.000000e+00 1.551659e+02 -1.184702e+01
1.600024e+02 0.000000e+00 1.551659e+02 4.836502e+00
1.460314e+02 0.000000e+00 3.315939e+01 1.128720e+02
-8.825174e+01 0.000000e+00 3.315939e+01 -1.214111e+02
1.885638e+02 0.000000e+00 1.662690e+02 2.229474e+01
1.357633e+02 0.000000e+00 1.662690e+02 -3.050575e+01
3.763579e+02 0.000000e+00 2.210508e+02 1.553071e+02
1.010396e+02 0.000000e+00 2.210508e+02 -1.200113e+02
3.423073e+02 3.875969e+02 3.875969e+02 3.423073e+02
4.400536e+02 3.875969e+02 3.875969e+02 4.400536e+02
5.418867e+01 0.000000e+00 3.838920e+01 1.579947e+01
2.292913e+01 0.000000e+00 3.838920e+01 -1.546007e+01
1.724422e+02 0.000000e+00 1.683241e+02 4.118057e+00
1.634828e+02 0.000000e+00 1.683241e+02 -4.841309e+00
2.635261e+02 0.000000e+00 1.828646e+02 8.066151e+01
8.587572e+01 0.000000e+00 1.828646e+02 -9.698886e+01
