2.825766e+01 0.000000e+00 2.030443e+01 7.953230e+00
1.016426e+01 0.000000e+00 2.030443e+01 -1.014018e+01
1.449782e+02 0.000000e+00 1.127817e+02 3.219653e+01
8.847895e+01 0.000000e+00 1.127817e+02 -2.430273e+01
-1.142948e+02 0.000000e+00 -8.930048e+01 -2.499437e+01
-6.679000e+01 0.000000e+00 -8.930048e+01 2.251048e+01
3.177716e+02 0.000000e+00 2.683887e+02 4.938290e+01
1.921938e+02 0.000000e+00 2.683887e+02 -7.619495e+01
-7.658156e+00 0.000000e+00 6.816035e+01 -7.581850e+01
1.473794e+02 0.000000e+00 6.816035e+01 7.921908e+01
1.056450e+02 0.000000e+00 1.654749e+02 -5.982993e+01
2.115762e+02 0.000000e+00 1.654749e+02 4.610130e+01
1.979753e+01 0.000000e+00 -2.224926e+00 2.202245e+01
-2.312700e+01 0.000000e+00 -2.224926e+00 -2.090207e+01
6.164904e+02 0.000000e+00 6.383312e+02 -2.184082e+01
6.680533e+02 0.000000e+00 6.383312e+02 2.972205e+01
1.999336e+02 0.000000e+00 1.289017e+02 7.103191e+01
6.984513e+01 0.000000e+00 1.289017e+02 -5.905656e+01
2.516637e+02 4.126074e+02 4.126074e+02 2.516637e+02
5.291486e+02 4.126074e+02 4.126074e+02 5.291486e+02
1.291423e+02 0.000000e+00 1.222160e+02 6.926270e+00
1.151029e+02 0.000000e+00 1.222160e+02 -7.113129e+00
2.370764e+02 0.000000e+00 2.428281e+02 -5.751694e+00
2.488951e+02 0.000000e+00 2.428281e+02 6.066986e+00
1.587891e+02 0.000000e+00 1.075523e+02 5.123686e+01
5.149800e+01 0.000000e+00 1.075523e+02 -5.605426e+01
6.613335e+01 0.000000e+00 -1.179607e+01 7.792943e+01
-1.275871e+02 0.000000e+00 -1.179607e+01 -1.157910e+02
3.895840e+02 0.000000e+00 3.564816e+02 3.310233e+01
3.231604e+02 0.000000e+00 3.564816e+02 -3.332126e+01
1.092948e+02 0.000000e+00 7.724094e+01 3.205385e+01
5.271690e+01 0.000000e+00 7.724094e+01 -2.452404e+01
2.945543e+02 0.000000e+00 2.282308e+02 6.632347e+01
1.792794e+02 0.000000e+00 2.282308e+02 -4.895135e+01
1.727260e+02 0.000000e+00 7.099731e+01 1.017287e+02
-3.594021e+01 0.000000e+00 7.099731e+01 -1.069375e+02
2.867628e+02 0.000000e+00 2.245476e+02 6.221518e+01
1.952593e+02 0.000000e+00 2.245476e+02 -2.928830e+01
1.838099e+02 0.000000e+00 8.579456e+01 9.801530e+01
3.166248e+00 0.000000e+00 8.579456e+01 -8.262831e+01
2.169506e+02 0.000000e+00 2.212097e+02 -4.259125e+00
2.258626e+02 0.000000e+00 2.212097e+02 4.652832e+00
1.034571e+02 0.000000e+00 1.418079e+02 -3.835082e+01
1.754854e+02 0.000000e+00 1.418079e+02 3.367743e+01
1.137993e+02 0.000000e+00 1.097958e+02 4.003586e+00
1.050393e+02 0.000000e+00 1.097958e+02 -4.756424e+00
2.696369e+01 0.000000e+00 5.503423e+01 -2.807054e+01
9.375913e+01 0.000000e+00 5.503423e+01 3.872490e+01
2.633147e+01 0.000000e+00 3.852311e+01 -1.219164e+01
5.278514e+01 0.000000e+00 3.852311e+01 1.426203e+01
1.531343e+02 0.000000e+00 1.341977e+02 1.893665e+01
1.116736e+02 0.000000e+00 1.341977e+02 -2.252405e+01
