1.050468e+02 0.000000e+00 5.775266e+01 4.729413e+01
1.355713e+01 0.000000e+00 5.775266e+01 -4.419553e+01
1.591073e+02 0.000000e+00 1.363919e+02 2.271541e+01
1.140623e+02 0.000000e+00 1.363919e+02 -2.232963e+01
5.267636e+01 0.000000e+00 -5.389142e+00 5.806550e+01
-5.909140e+01 0.000000e+00 -5.389142e+00 -5.370226e+01
2.065169e+02 0.000000e+00 1.630760e+02 4.344087e+01
1.124264e+02 0.000000e+00 1.630760e+02 -5.064959e+01
1.116959e+02 0.000000e+00 1.643231e+02 -5.262720e+01
2.222769e+02 0.000000e+00 1.643231e+02 5.795376e+01
1.196361e+02 0.000000e+00 8.548437e+01 3.415172e+01
5.042721e+01 0.000000e+00 8.548437e+01 -3.505716e+01
8.056507e+01 0.000000e+00 8.425461e+01 -3.689538e+00
8.790890e+01 0.000000e+00 8.425461e+01 3.654298e+00
1.241600e+02 0.000000e+00 8.269266e+01 4.146736e+01
3.664359e+01 0.000000e+00 8.269266e+01 -4.604907e+01
2.596067e+02 2.586279e+02 2.586279e+02 2.596067e+02
2.567144e+02 2.586279e+02 2.586279e+02 2.567144e+02
5.935411e+01 0.000000e+00 1.084620e+02 -4.910790e+01
1.462649e+02 0.000000e+00 1.084620e+02 3.780289e+01
1.482557e+02 0.000000e+00 1.094085e+02 3.884711e+01
7.777302e+01 0.000000e+00 1.094085e+02 -3.163553e+01
1.950608e+02 0.000000e+00 1.901185e+02 4.942239e+00
1.842138e+02 0.000000e+00 1.901185e+02 -5.904708e+00
1.435820e+02 0.000000e+00 1.499595e+02 -6.377549e+00
1.568546e+02 0.000000e+00 1.499595e+02 6.895059e+00
1.197690e+02 0.000000e+00 1.212640e+02 -1.495049e+00
1.234112e+02 0.000000e+00 1.212640e+02 2.147164e+00
2.863177e+02 0.000000e+00 2.792418e+02 7.075929e+00
2.718790e+02 0.000000e+00 2.792418e+02 -7.362763e+00
1.045927e+02 0.000000e+00 1.105292e+02 -5.936472e+00
1.153109e+02 0.000000e+00 1.105292e+02 4.781733e+00
1.896686e+02 0.000000e+00 1.654244e+02 2.424419e+01
1.474759e+02 0.000000e+00 1.654244e+02 -1.794851e+01
8.142389e+01 0.000000e+00 6.997825e+01 1.144565e+01
5.730716e+01 0.000000e+00 6.997825e+01 -1.267108e+01
1.780387e+02 0.000000e+00 1.581007e+02 1.993791e+01
1.491688e+02 0.000000e+00 1.581007e+02 -8.931901e+00
1.484902e+02 0.000000e+00 1.133665e+02 3.512366e+01
7.404899e+01 0.000000e+00 1.133665e+02 -3.931754e+01
2.092006e+02 0.000000e+00 2.051873e+02 4.013287e+00
2.011173e+02 0.000000e+00 2.051873e+02 -4.070028e+00
1.433181e+02 0.000000e+00 7.200581e+01 7.131233e+01
8.360010e+00 0.000000e+00 7.200581e+01 -6.364580e+01
4.820436e+01 0.000000e+00 5.784742e+01 -9.643059e+00
6.720175e+01 0.000000e+00 5.784742e+01 9.354330e+00
1.091377e+02 0.000000e+00 1.167794e+02 -7.641730e+00
1.250614e+02 0.000000e+00 1.167794e+02 8.282020e+00
3.738730e+01 0.000000e+00 5.425764e+01 -1.687035e+01
7.364230e+01 0.000000e+00 5.425764e+01 1.938465e+01
1.262694e+02 0.000000e+00 9.115548e+01 3.511387e+01
5.635441e+01 0.000000e+00 9.115548e+01 -3.480107e+01
