1.007476e+02 0.000000e+00 -2.225476e+00 1.029730e+02
-8.997729e+01 0.000000e+00 -2.225476e+00 -8.775181e+01
2.983706e+02 0.000000e+00 3.058755e+02 -7.504852e+00
3.110713e+02 0.000000e+00 3.058755e+02 5.195801e+00
2.051972e+02 0.000000e+00 1.224005e+02 8.279668e+01
5.243171e+01 0.000000e+00 1.224005e+02 -6.996877e+01
4.002633e+02 0.000000e+00 2.601466e+02 1.401168e+02
9.860146e+01 0.000000e+00 2.601466e+02 -1.615451e+02
1.734511e+02 0.000000e+00 2.146457e+02 -4.119452e+01
2.706189e+02 0.000000e+00 2.146457e+02 5.597321e+01
3.398442e+02 0.000000e+00 2.581041e+02 8.174011e+01
1.733385e+02 0.000000e+00 2.581041e+02 -8.476564e+01
1.000344e+02 0.000000e+00 1.141327e+02 -1.409822e+01
1.280138e+02 0.000000e+00 1.141327e+02 1.388113e+01
3.099639e+02 0.000000e+00 2.741321e+02 3.583173e+01
2.326416e+02 0.000000e+00 2.741321e+02 -4.149051e+01
2.501401e+02 0.000000e+00 2.512874e+02 -1.147293e+00
2.525620e+02 0.000000e+00 2.512874e+02 1.274597e+00
5.073368e+01 0.000000e+00 6.356320e+01 -1.282951e+01
7.324651e+01 0.000000e+00 6.356320e+01 9.683308e+00
1.811114e+02 0.000000e+00 1.414780e+02 3.963333e+01
1.064999e+02 0.000000e+00 1.414780e+02 -3.497816e+01
1.610247e+02 0.000000e+00 1.992284e+02 -3.820372e+01
2.329316e+02 0.000000e+00 1.992284e+02 3.370319e+01
2.216706e+02 0.000000e+00 1.840257e+02 3.764494e+01
1.466469e+02 0.000000e+00 1.840257e+02 -3.737875e+01
5.753500e+02 6.945508e+02 6.945508e+02 5.753500e+02
8.032930e+02 6.945508e+02 6.945508e+02 8.032930e+02
5.900068e+02 0.000000e+00 5.249042e+02 6.510260e+01
4.289937e+02 0.000000e+00 5.249042e+02 -9.591049e+01
3.526257e+02 0.000000e+00 2.914754e+02 6.115036e+01
2.384654e+02 0.000000e+00 2.914754e+02 -5.300995e+01
2.033658e+02 0.000000e+00 1.377388e+02 6.562704e+01
7.943179e+01 0.000000e+00 1.377388e+02 -5.830696e+01
1.740825e+02 0.000000e+00 1.761866e+02 -2.104141e+00
1.779980e+02 0.000000e+00 1.761866e+02 1.811401e+00
3.499703e+02 0.000000e+00 2.690645e+02 8.090579e+01
2.431547e+02 0.000000e+00 2.690645e+02 -2.590981e+01
3.477594e+02 0.000000e+00 3.033482e+02 4.441119e+01
2.598682e+02 0.000000e+00 3.033482e+02 -4.347995e+01
2.537272e+02 0.000000e+00 3.200944e+02 -6.636723e+01
3.904521e+02 0.000000e+00 3.200944e+02 7.035764e+01
1.140104e+02 0.000000e+00 1.060304e+02 7.980049e+00
9.813185e+01 0.000000e+00 1.060304e+02 -7.898506e+00
7.228513e+01 0.000000e+00 9.219565e+01 -1.991052e+01
1.131207e+02 0.000000e+00 9.219565e+01 2.092502e+01
1.007854e+02 0.000000e+00 1.437870e+02 -4.300163e+01
1.857345e+02 0.000000e+00 1.437870e+02 4.194742e+01
1.378292e+02 0.000000e+00 1.751230e+02 -3.729378e+01
2.185247e+02 0.000000e+00 1.751230e+02 4.340172e+01
1.147885e+02 0.000000e+00 1.599986e+02 -4.521005e+01
2.070727e+02 0.000000e+00 1.599986e+02 4.707416e+01
