6.937972e+01 0.000000e+00 3.800907e+01 3.137065e+01
8.507192e+00 0.000000e+00 3.800907e+01 -2.950188e+01
1.571144e+02 0.000000e+00 1.335436e+02 2.357072e+01
1.108962e+02 0.000000e+00 1.335436e+02 -2.264744e+01
3.271764e+01 0.000000e+00 -1.589987e+01 4.861751e+01
-6.085925e+01 0.000000e+00 -1.589987e+01 -4.495938e+01
1.971653e+02 0.000000e+00 1.541673e+02 4.299795e+01
1.050895e+02 0.000000e+00 1.541673e+02 -4.907787e+01
1.013787e+02 0.000000e+00 1.601320e+02 -5.875324e+01
2.276392e+02 0.000000e+00 1.601320e+02 6.750729e+01
9.956272e+01 0.000000e+00 6.991289e+01 2.964983e+01
3.842610e+01 0.000000e+00 6.991289e+01 -3.148679e+01
7.351701e+01 0.000000e+00 7.299175e+01 5.252566e-01
7.205156e+01 0.000000e+00 7.299175e+01 -9.401971e-01
1.108321e+02 0.000000e+00 7.299377e+01 3.783837e+01
3.118167e+01 0.000000e+00 7.299377e+01 -4.181210e+01
1.059565e+02 0.000000e+00 1.055155e+02 4.410340e-01
1.045752e+02 0.000000e+00 1.055155e+02 -9.402243e-01
5.900209e+01 0.000000e+00 9.494900e+01 -3.594691e+01
1.233173e+02 0.000000e+00 9.494900e+01 2.836828e+01
1.571721e+02 0.000000e+00 1.157639e+02 4.140828e+01
8.094795e+01 0.000000e+00 1.157639e+02 -3.481590e+01
3.192813e+02 2.965827e+02 2.965827e+02 3.192813e+02
2.695984e+02 2.965827e+02 2.965827e+02 2.695984e+02
1.175377e+02 0.000000e+00 1.202668e+02 -2.729129e+00
1.230041e+02 0.000000e+00 1.202668e+02 2.737289e+00
8.049402e+01 0.000000e+00 8.002332e+01 4.706968e-01
7.976371e+01 0.000000e+00 8.002332e+01 -2.596113e-01
2.326854e+02 0.000000e+00 2.291419e+02 3.543461e+00
2.253204e+02 0.000000e+00 2.291419e+02 -3.821515e+00
7.384316e+01 0.000000e+00 7.789012e+01 -4.046964e+00
8.142454e+01 0.000000e+00 7.789012e+01 3.534420e+00
1.614138e+02 0.000000e+00 1.370332e+02 2.438067e+01
1.195397e+02 0.000000e+00 1.370332e+02 -1.749343e+01
8.064346e+01 0.000000e+00 6.954854e+01 1.109492e+01
5.706833e+01 0.000000e+00 6.954854e+01 -1.248022e+01
1.799652e+02 0.000000e+00 1.508199e+02 2.914522e+01
1.356739e+02 0.000000e+00 1.508199e+02 -1.514603e+01
1.196401e+02 0.000000e+00 9.258365e+01 2.705647e+01
6.216095e+01 0.000000e+00 9.258365e+01 -3.042269e+01
1.735860e+02 0.000000e+00 1.628029e+02 1.078314e+01
1.525753e+02 0.000000e+00 1.628029e+02 -1.022759e+01
1.388509e+02 0.000000e+00 7.627617e+01 6.257472e+01
1.830395e+01 0.000000e+00 7.627617e+01 -5.797222e+01
3.727005e+01 0.000000e+00 4.809349e+01 -1.082344e+01
5.966251e+01 0.000000e+00 4.809349e+01 1.156903e+01
1.003035e+02 0.000000e+00 1.025254e+02 -2.221913e+00
1.045727e+02 0.000000e+00 1.025254e+02 2.047312e+00
3.177721e+01 0.000000e+00 4.861015e+01 -1.683294e+01
7.048205e+01 0.000000e+00 4.861015e+01 2.187190e+01
1.032973e+02 0.000000e+00 7.340458e+01 2.989268e+01
4.248123e+01 0.000000e+00 7.340458e+01 -3.092334e+01
