1.184907e+02 0.000000e+00 7.763870e+01 4.085205e+01
4.204733e+01 0.000000e+00 7.763870e+01 -3.559137e+01
1.395027e+02 0.000000e+00 1.140442e+02 2.545850e+01
8.979401e+01 0.000000e+00 1.140442e+02 -2.425015e+01
1.040275e+02 0.000000e+00 2.563311e+01 7.839440e+01
-5.028924e+01 0.000000e+00 2.563311e+01 -7.592235e+01
2.416084e+02 0.000000e+00 2.035822e+02 3.802618e+01
1.589486e+02 0.000000e+00 2.035822e+02 -4.463360e+01
9.880707e+01 0.000000e+00 1.612423e+02 -6.243525e+01
2.334094e+02 0.000000e+00 1.612423e+02 7.216707e+01
1.186355e+02 0.000000e+00 8.974639e+01 2.888906e+01
6.031786e+01 0.000000e+00 8.974639e+01 -2.942853e+01
9.829785e+01 0.000000e+00 9.893610e+01 -6.382437e-01
9.869335e+01 0.000000e+00 9.893610e+01 -2.427489e-01
1.596935e+02 0.000000e+00 1.207575e+02 3.893604e+01
7.944331e+01 0.000000e+00 1.207575e+02 -4.131415e+01
1.243892e+02 0.000000e+00 1.201660e+02 4.223116e+00
1.155889e+02 0.000000e+00 1.201660e+02 -4.577117e+00
5.888143e+01 0.000000e+00 1.075452e+02 -4.866375e+01
1.439377e+02 0.000000e+00 1.075452e+02 3.639250e+01
1.433259e+02 0.000000e+00 1.081031e+02 3.522280e+01
7.851561e+01 0.000000e+00 1.081031e+02 -2.958746e+01
2.712976e+02 0.000000e+00 2.430109e+02 2.828666e+01
2.071947e+02 0.000000e+00 2.430109e+02 -3.581617e+01
1.339607e+02 0.000000e+00 1.454953e+02 -1.153467e+01
1.579681e+02 0.000000e+00 1.454953e+02 1.247271e+01
1.016161e+02 0.000000e+00 1.038477e+02 -2.231626e+00
1.066694e+02 0.000000e+00 1.038477e+02 2.821653e+00
2.870749e+02 0.000000e+00 2.894840e+02 -2.409066e+00
2.910505e+02 0.000000e+00 2.894840e+02 1.566524e+00
1.225290e+02 0.000000e+00 1.223149e+02 2.140836e-01
1.214727e+02 0.000000e+00 1.223149e+02 -8.422204e-01
1.712538e+02 0.000000e+00 1.445847e+02 2.666912e+01
1.222258e+02 0.000000e+00 1.445847e+02 -2.235888e+01
1.137251e+02 0.000000e+00 9.533631e+01 1.838884e+01
7.508441e+01 0.000000e+00 9.533631e+01 -2.025189e+01
1.386104e+02 0.000000e+00 1.416141e+02 -3.003602e+00
1.415144e+02 0.000000e+00 1.416141e+02 -9.965266e-02
1.421176e+02 0.000000e+00 1.131333e+02 2.898429e+01
8.144581e+01 0.000000e+00 1.131333e+02 -3.168751e+01
1.811031e+02 0.000000e+00 1.860378e+02 -4.934725e+00
1.900979e+02 0.000000e+00 1.860378e+02 4.060050e+00
1.755213e+02 0.000000e+00 9.999506e+01 7.552624e+01
3.519875e+01 0.000000e+00 9.999506e+01 -6.479630e+01
6.176050e+01 0.000000e+00 7.123235e+01 -9.471846e+00
7.971954e+01 0.000000e+00 7.123235e+01 8.487192e+00
1.134333e+02 0.000000e+00 1.125397e+02 8.935257e-01
1.116350e+02 0.000000e+00 1.125397e+02 -9.047791e-01
4.089133e+01 0.000000e+00 6.073672e+01 -1.984539e+01
8.462617e+01 0.000000e+00 6.073672e+01 2.388945e+01
3.083804e+02 2.643630e+02 2.643630e+02 3.083804e+02
2.219613e+02 2.643630e+02 2.643630e+02 2.219613e+02
