2.296448e+02 0.000000e+00 1.144123e+02 1.152325e+02
-7.171646e+00 0.000000e+00 1.144123e+02 -1.215840e+02
1.180885e+02 0.000000e+00 1.295962e+02 -1.150773e+01
1.392904e+02 0.000000e+00 1.295962e+02 9.694214e+00
2.234176e+02 0.000000e+00 2.101669e+02 1.325073e+01
1.981939e+02 0.000000e+00 2.101669e+02 -1.197302e+01
5.657952e+01 0.000000e+00 6.381374e+01 -7.234219e+00
7.338824e+01 0.000000e+00 6.381374e+01 9.574501e+00
2.275487e+02 0.000000e+00 2.394871e+02 -1.193843e+01
2.529082e+02 0.000000e+00 2.394871e+02 1.342107e+01
1.027135e+02 0.000000e+00 7.730856e+01 2.540498e+01
5.387238e+01 0.000000e+00 7.730856e+01 -2.343619e+01
6.273125e+01 0.000000e+00 9.569726e+01 -3.296601e+01
1.355812e+02 0.000000e+00 9.569726e+01 3.988392e+01
1.763755e+02 0.000000e+00 1.443355e+02 3.204007e+01
1.040545e+02 0.000000e+00 1.443355e+02 -4.028101e+01
2.330640e+02 0.000000e+00 1.901281e+02 4.293587e+01
1.459565e+02 0.000000e+00 1.901281e+02 -4.417162e+01
-6.330448e+01 0.000000e+00 3.787391e+01 -1.011784e+02
1.402847e+02 0.000000e+00 3.787391e+01 1.024108e+02
3.287472e+02 0.000000e+00 2.717665e+02 5.698065e+01
2.386782e+02 0.000000e+00 2.717665e+02 -3.308830e+01
6.392853e+00 0.000000e+00 1.783719e+01 -1.144433e+01
3.051365e+01 0.000000e+00 1.783719e+01 1.267646e+01
1.599955e+02 0.000000e+00 1.534256e+02 6.569855e+00
1.468118e+02 0.000000e+00 1.534256e+02 -6.613831e+00
-1.177782e+01 0.000000e+00 -4.001236e+01 2.823454e+01
-6.266244e+01 0.000000e+00 -4.001236e+01 -2.265008e+01
8.050093e+02 7.822921e+02 7.822921e+02 8.050093e+02
7.562796e+02 7.822921e+02 7.822921e+02 7.562796e+02
-6.024881e+01 0.000000e+00 -3.833766e+01 -2.191115e+01
-1.812327e+01 0.000000e+00 -3.833766e+01 2.021439e+01
1.687877e+02 0.000000e+00 1.380677e+02 3.072000e+01
1.089336e+02 0.000000e+00 1.380677e+02 -2.913412e+01
1.093185e+02 0.000000e+00 1.053178e+02 4.000710e+00
1.012402e+02 0.000000e+00 1.053178e+02 -4.077530e+00
1.960591e+02 0.000000e+00 1.433217e+02 5.273740e+01
1.134817e+02 0.000000e+00 1.433217e+02 -2.984003e+01
8.790855e+01 0.000000e+00 7.103600e+01 1.687254e+01
5.101058e+01 0.000000e+00 7.103600e+01 -2.002542e+01
2.077611e+02 0.000000e+00 1.794997e+02 2.826138e+01
1.447301e+02 0.000000e+00 1.794997e+02 -3.476962e+01
1.261059e+02 0.000000e+00 6.390730e+01 6.219859e+01
8.993463e+00 0.000000e+00 6.390730e+01 -5.491383e+01
3.616352e+01 0.000000e+00 4.710698e+01 -1.094345e+01
6.159511e+01 0.000000e+00 4.710698e+01 1.448813e+01
1.614111e+02 0.000000e+00 1.432985e+02 1.811258e+01
1.261524e+02 0.000000e+00 1.432985e+02 -1.714606e+01
8.108646e+01 0.000000e+00 8.295032e+01 -1.863861e+00
8.486201e+01 0.000000e+00 8.295032e+01 1.911697e+00
1.849804e+02 0.000000e+00 1.952493e+02 -1.026886e+01
2.088544e+02 0.000000e+00 1.952493e+02 1.360513e+01
