5.722926e+01 0.000000e+00 2.486633e+01 3.236294e+01
-6.619728e+00 0.000000e+00 2.486633e+01 -3.148606e+01
1.518383e+02 0.000000e+00 1.337231e+02 1.811516e+01
1.160940e+02 0.000000e+00 1.337231e+02 -1.762911e+01
2.028919e+01 0.000000e+00 -1.974325e+01 4.003244e+01
-5.534403e+01 0.000000e+00 -1.974325e+01 -3.560078e+01
1.732149e+02 0.000000e+00 1.285117e+02 4.470319e+01
7.742614e+01 0.000000e+00 1.285117e+02 -5.108556e+01
1.923315e+02 2.630413e+02 2.630413e+02 1.923315e+02
3.431738e+02 2.630413e+02 2.630413e+02 3.431738e+02
8.447266e+01 0.000000e+00 5.400202e+01 3.047064e+01
2.120564e+01 0.000000e+00 5.400202e+01 -3.279638e+01
4.697434e+01 0.000000e+00 5.118817e+01 -4.213833e+00
5.536690e+01 0.000000e+00 5.118817e+01 4.178732e+00
9.379767e+01 0.000000e+00 6.140842e+01 3.238925e+01
2.601392e+01 0.000000e+00 6.140842e+01 -3.539450e+01
1.044579e+02 0.000000e+00 1.001724e+02 4.285477e+00
9.533724e+01 0.000000e+00 1.001724e+02 -4.835159e+00
5.072761e+01 0.000000e+00 9.449634e+01 -4.376873e+01
1.292727e+02 0.000000e+00 9.449634e+01 3.477632e+01
1.594949e+02 0.000000e+00 1.145101e+02 4.498484e+01
7.676306e+01 0.000000e+00 1.145101e+02 -3.774700e+01
1.620694e+02 0.000000e+00 1.542428e+02 7.826566e+00
1.453761e+02 0.000000e+00 1.542428e+02 -8.866705e+00
1.107649e+02 0.000000e+00 1.148540e+02 -4.089180e+00
1.191394e+02 0.000000e+00 1.148540e+02 4.285394e+00
6.639020e+01 0.000000e+00 6.718823e+01 -7.980266e-01
6.856879e+01 0.000000e+00 6.718823e+01 1.380565e+00
2.300585e+02 0.000000e+00 2.211257e+02 8.932773e+00
2.117353e+02 0.000000e+00 2.211257e+02 -9.390403e+00
6.186158e+01 0.000000e+00 6.576019e+01 -3.898604e+00
6.875293e+01 0.000000e+00 6.576019e+01 2.992748e+00
1.510394e+02 0.000000e+00 1.349362e+02 1.610325e+01
1.230969e+02 0.000000e+00 1.349362e+02 -1.183921e+01
5.492738e+01 0.000000e+00 5.365760e+01 1.269772e+00
5.184052e+01 0.000000e+00 5.365760e+01 -1.817083e+00
2.106899e+02 0.000000e+00 1.604813e+02 5.020856e+01
1.381613e+02 0.000000e+00 1.604813e+02 -2.231999e+01
1.075288e+02 0.000000e+00 8.926955e+01 1.825924e+01
6.842217e+01 0.000000e+00 8.926955e+01 -2.084738e+01
1.592551e+02 0.000000e+00 1.481322e+02 1.112290e+01
1.373705e+02 0.000000e+00 1.481322e+02 -1.076170e+01
1.204588e+02 0.000000e+00 6.332652e+01 5.713231e+01
1.081898e+01 0.000000e+00 6.332652e+01 -5.250754e+01
2.177772e+01 0.000000e+00 3.221497e+01 -1.043725e+01
4.383705e+01 0.000000e+00 3.221497e+01 1.162208e+01
7.970794e+01 0.000000e+00 8.508083e+01 -5.372893e+00
9.098132e+01 0.000000e+00 8.508083e+01 5.900488e+00
2.855507e+01 0.000000e+00 4.725806e+01 -1.870300e+01
7.146582e+01 0.000000e+00 4.725806e+01 2.420775e+01
8.592882e+01 0.000000e+00 5.777778e+01 2.815104e+01
2.848538e+01 0.000000e+00 5.777778e+01 -2.929240e+01
