9.863165e+01 0.000000e+00 6.190985e+01 3.672180e+01
2.634211e+01 0.000000e+00 6.190985e+01 -3.556774e+01
1.627009e+02 0.000000e+00 1.418198e+02 2.088110e+01
1.234859e+02 0.000000e+00 1.418198e+02 -1.833389e+01
3.485517e+01 0.000000e+00 -5.097977e+00 3.995315e+01
-3.970049e+01 0.000000e+00 -5.097977e+00 -3.460252e+01
2.091748e+02 0.000000e+00 1.698150e+02 3.935982e+01
1.218579e+02 0.000000e+00 1.698150e+02 -4.795716e+01
1.428481e+02 0.000000e+00 1.750144e+02 -3.216630e+01
2.114560e+02 0.000000e+00 1.750144e+02 3.644160e+01
1.173455e+02 0.000000e+00 9.774897e+01 1.959657e+01
7.839342e+01 0.000000e+00 9.774897e+01 -1.935555e+01
8.031858e+01 0.000000e+00 7.823769e+01 2.080894e+00
7.529565e+01 0.000000e+00 7.823769e+01 -2.942038e+00
1.106647e+02 0.000000e+00 8.752225e+01 2.314241e+01
6.189863e+01 0.000000e+00 8.752225e+01 -2.562362e+01
1.065894e+02 0.000000e+00 1.086950e+02 -2.105548e+00
1.103933e+02 0.000000e+00 1.086950e+02 1.698386e+00
5.926068e+01 0.000000e+00 8.858461e+01 -2.932393e+01
1.112169e+02 0.000000e+00 8.858461e+01 2.263230e+01
1.785848e+02 0.000000e+00 1.398450e+02 3.873973e+01
1.057208e+02 0.000000e+00 1.398450e+02 -3.412423e+01
2.183479e+02 0.000000e+00 1.992650e+02 1.908283e+01
1.763580e+02 0.000000e+00 1.992650e+02 -2.290701e+01
1.158748e+02 0.000000e+00 1.248939e+02 -9.019100e+00
1.341321e+02 0.000000e+00 1.248939e+02 9.238207e+00
1.261116e+02 0.000000e+00 1.268128e+02 -7.011787e-01
1.274912e+02 0.000000e+00 1.268128e+02 6.783566e-01
2.656809e+02 0.000000e+00 2.559116e+02 9.769360e+00
2.456908e+02 0.000000e+00 2.559116e+02 -1.022080e+01
1.062971e+02 0.000000e+00 1.104714e+02 -4.174346e+00
1.143438e+02 0.000000e+00 1.104714e+02 3.872351e+00
2.182177e+02 0.000000e+00 1.792349e+02 3.898285e+01
1.496257e+02 0.000000e+00 1.792349e+02 -2.960914e+01
1.036181e+02 0.000000e+00 9.141101e+01 1.220707e+01
7.916617e+01 0.000000e+00 9.141101e+01 -1.224484e+01
2.249051e+02 0.000000e+00 1.660297e+02 5.887536e+01
1.398575e+02 0.000000e+00 1.660297e+02 -2.617219e+01
1.339199e+02 0.000000e+00 1.087234e+02 2.519650e+01
8.132649e+01 0.000000e+00 1.087234e+02 -2.739691e+01
1.572156e+02 0.000000e+00 1.572138e+02 1.796033e-03
1.571197e+02 0.000000e+00 1.572138e+02 -9.409905e-02
3.171870e+02 2.562862e+02 2.562862e+02 3.171870e+02
2.035810e+02 2.562862e+02 2.562862e+02 2.035810e+02
6.332255e+01 0.000000e+00 7.325258e+01 -9.930033e+00
8.440940e+01 0.000000e+00 7.325258e+01 1.115682e+01
1.166128e+02 0.000000e+00 1.163430e+02 2.697777e-01
1.150479e+02 0.000000e+00 1.163430e+02 -1.295042e+00
5.903204e+01 0.000000e+00 6.953311e+01 -1.050108e+01
8.168293e+01 0.000000e+00 6.953311e+01 1.214981e+01
1.187908e+02 0.000000e+00 9.211966e+01 2.667114e+01
6.675751e+01 0.000000e+00 9.211966e+01 -2.536215e+01
