8.813007e+01 0.000000e+00 8.687088e+01 1.259186e+00
8.561611e+01 0.000000e+00 8.687088e+01 -1.254768e+00
9.598233e+01 0.000000e+00 1.196280e+02 -2.364571e+01
1.414796e+02 0.000000e+00 1.196280e+02 2.185151e+01
1.118667e+02 0.000000e+00 -1.191634e+01 1.237831e+02
-1.134541e+02 0.000000e+00 -1.191634e+01 -1.015377e+02
8.802600e+01 0.000000e+00 9.571574e+01 -7.689743e+00
1.047200e+02 0.000000e+00 9.571574e+01 9.004303e+00
7.267355e+01 0.000000e+00 1.202788e+02 -4.760521e+01
1.862793e+02 0.000000e+00 1.202788e+02 6.600057e+01
5.499919e+01 0.000000e+00 8.489568e+01 -2.989649e+01
1.107159e+02 0.000000e+00 8.489568e+01 2.582024e+01
1.000031e+02 0.000000e+00 7.412759e+01 2.587553e+01
4.085234e+01 0.000000e+00 7.412759e+01 -3.327525e+01
9.814465e+01 0.000000e+00 4.189204e+01 5.625260e+01
-2.102661e+01 0.000000e+00 4.189204e+01 -6.291865e+01
8.512135e+00 0.000000e+00 4.313085e+01 -3.461872e+01
7.755286e+01 0.000000e+00 4.313085e+01 3.442201e+01
1.070406e+02 0.000000e+00 1.716267e+02 -6.458616e+01
2.291073e+02 0.000000e+00 1.716267e+02 5.748058e+01
1.328205e+02 0.000000e+00 9.439497e+01 3.842553e+01
6.104609e+01 0.000000e+00 9.439497e+01 -3.334887e+01
1.480367e+02 0.000000e+00 1.414073e+02 6.629410e+00
1.335780e+02 0.000000e+00 1.414073e+02 -7.829254e+00
1.034579e+02 0.000000e+00 1.359684e+02 -3.251054e+01
1.633531e+02 0.000000e+00 1.359684e+02 2.738470e+01
1.177745e+02 0.000000e+00 1.214004e+02 -3.625839e+00
1.248592e+02 0.000000e+00 1.214004e+02 3.458855e+00
1.450269e+02 0.000000e+00 1.650444e+02 -2.001749e+01
1.830004e+02 0.000000e+00 1.650444e+02 1.795602e+01
1.095702e+02 0.000000e+00 1.253290e+02 -1.575885e+01
1.412513e+02 0.000000e+00 1.253290e+02 1.592224e+01
2.973020e+02 0.000000e+00 2.059023e+02 9.139967e+01
1.400236e+02 0.000000e+00 2.059023e+02 -6.587869e+01
1.150699e+01 0.000000e+00 1.226876e+01 -7.617712e-01
1.300399e+01 0.000000e+00 1.226876e+01 7.352276e-01
1.406246e+02 0.000000e+00 1.345945e+02 6.030060e+00
1.320973e+02 0.000000e+00 1.345945e+02 -2.497223e+00
3.664926e+01 0.000000e+00 2.988902e+01 6.760244e+00
2.343897e+01 0.000000e+00 2.988902e+01 -6.450043e+00
1.001059e+02 0.000000e+00 1.473621e+02 -4.725621e+01
1.949642e+02 0.000000e+00 1.473621e+02 4.760214e+01
6.347909e+02 5.770295e+02 5.770295e+02 6.347909e+02
5.227794e+02 5.770295e+02 5.770295e+02 5.227794e+02
3.584758e+01 0.000000e+00 9.445050e+01 -5.860292e+01
1.514510e+02 0.000000e+00 9.445050e+01 5.700055e+01
1.498860e+02 0.000000e+00 1.175068e+02 3.237917e+01
8.361731e+01 0.000000e+00 1.175068e+02 -3.388950e+01
8.326060e+01 0.000000e+00 1.088887e+02 -2.562809e+01
1.394943e+02 0.000000e+00 1.088887e+02 3.060564e+01
1.054756e+02 0.000000e+00 9.937798e+01 6.097618e+00
9.344499e+01 0.000000e+00 9.937798e+01 -5.932983e+00
