-3.995036e+01 0.000000e+00 -1.015934e+02 6.164300e+01
-1.611630e+02 0.000000e+00 -1.015934e+02 -5.956968e+01
1.369356e+02 0.000000e+00 1.635544e+02 -2.661876e+01
1.894682e+02 0.000000e+00 1.635544e+02 2.591383e+01
2.386574e+02 0.000000e+00 1.850951e+02 5.356233e+01
1.228947e+02 0.000000e+00 1.850951e+02 -6.220036e+01
1.244618e+02 0.000000e+00 1.058550e+02 1.860680e+01
8.340958e+01 0.000000e+00 1.058550e+02 -2.244543e+01
1.024614e+02 0.000000e+00 1.900922e+02 -8.763080e+01
2.996217e+02 0.000000e+00 1.900922e+02 1.095295e+02
1.203204e+02 0.000000e+00 1.284454e+02 -8.124954e+00
1.380181e+02 0.000000e+00 1.284454e+02 9.572678e+00
1.773405e+02 0.000000e+00 1.746303e+02 2.710144e+00
1.713083e+02 0.000000e+00 1.746303e+02 -3.322052e+00
1.655382e+02 0.000000e+00 1.408879e+02 2.465028e+01
1.130456e+02 0.000000e+00 1.408879e+02 -2.784236e+01
2.471630e+02 0.000000e+00 2.209280e+02 2.623500e+01
1.916964e+02 0.000000e+00 2.209280e+02 -2.923158e+01
9.607936e+01 0.000000e+00 8.087205e+01 1.520731e+01
6.607713e+01 0.000000e+00 8.087205e+01 -1.479491e+01
1.543494e+02 0.000000e+00 1.657204e+02 -1.137093e+01
1.771326e+02 0.000000e+00 1.657204e+02 1.141226e+01
2.883064e+02 0.000000e+00 2.945405e+02 -6.234070e+00
3.021166e+02 0.000000e+00 2.945405e+02 7.576111e+00
3.893999e+02 0.000000e+00 3.485309e+02 4.086899e+01
3.043103e+02 0.000000e+00 3.485309e+02 -4.422055e+01
2.403398e+02 0.000000e+00 2.088248e+02 3.151494e+01
1.809868e+02 0.000000e+00 2.088248e+02 -2.783804e+01
5.010941e+02 0.000000e+00 4.077918e+02 9.330225e+01
3.174843e+02 0.000000e+00 4.077918e+02 -9.030759e+01
2.200390e+02 0.000000e+00 1.997703e+02 2.026869e+01
1.825697e+02 0.000000e+00 1.997703e+02 -1.720056e+01
6.757291e+02 5.967320e+02 5.967320e+02 6.757291e+02
5.325674e+02 5.967320e+02 5.967320e+02 5.325674e+02
3.518437e+01 0.000000e+00 -6.375856e+00 4.156023e+01
-5.896202e+01 0.000000e+00 -6.375856e+00 -5.258617e+01
2.609992e+02 0.000000e+00 1.981889e+02 6.281029e+01
1.667406e+02 0.000000e+00 1.981889e+02 -3.144829e+01
1.854916e+02 0.000000e+00 1.803680e+02 5.123642e+00
1.740592e+02 0.000000e+00 1.803680e+02 -6.308746e+00
2.042533e+02 0.000000e+00 2.451174e+02 -4.086409e+01
2.897068e+02 0.000000e+00 2.451174e+02 4.458932e+01
9.396328e+01 0.000000e+00 6.663166e+01 2.733162e+01
4.282814e+01 0.000000e+00 6.663166e+01 -2.380352e+01
1.798784e+02 0.000000e+00 2.133584e+02 -3.347992e+01
2.471186e+02 0.000000e+00 2.133584e+02 3.376028e+01
-5.290308e+01 0.000000e+00 -1.922939e+00 -5.098014e+01
5.426123e+01 0.000000e+00 -1.922939e+00 5.618417e+01
4.808030e+01 0.000000e+00 5.166998e+01 -3.589676e+00
5.651985e+01 0.000000e+00 5.166998e+01 4.849876e+00
7.143225e+01 0.000000e+00 4.397462e+01 2.745763e+01
1.474583e+01 0.000000e+00 4.397462e+01 -2.922879e+01
