7.600529e+01 0.000000e+00 1.375668e+02 -6.156149e+01
1.892206e+02 0.000000e+00 1.375668e+02 5.165382e+01
5.919286e+02 6.145987e+02 6.145987e+02 5.919286e+02
6.462988e+02 6.145987e+02 6.145987e+02 6.462988e+02
1.634945e+01 0.000000e+00 -4.840437e+01 6.475382e+01
-9.964114e+01 0.000000e+00 -4.840437e+01 -5.123676e+01
2.413282e+02 0.000000e+00 1.523074e+02 8.902086e+01
5.989222e+01 0.000000e+00 1.523074e+02 -9.241515e+01
1.305518e+02 0.000000e+00 2.746110e+02 -1.440592e+02
4.517697e+02 0.000000e+00 2.746110e+02 1.771587e+02
1.635358e+02 0.000000e+00 7.963267e+01 8.390316e+01
-4.476110e+00 0.000000e+00 7.963267e+01 -8.410878e+01
-1.026164e+02 0.000000e+00 -1.057811e+02 3.164612e+00
-1.094618e+02 0.000000e+00 -1.057811e+02 -3.680710e+00
8.550291e+01 0.000000e+00 5.485456e+01 3.064835e+01
2.065749e+01 0.000000e+00 5.485456e+01 -3.419707e+01
2.906475e+02 0.000000e+00 2.324827e+02 5.816472e+01
1.677839e+02 0.000000e+00 2.324827e+02 -6.469887e+01
2.749538e+02 0.000000e+00 2.713179e+02 3.635864e+00
2.685346e+02 0.000000e+00 2.713179e+02 -2.783264e+00
2.740405e+02 0.000000e+00 2.174051e+02 5.663541e+01
1.886532e+02 0.000000e+00 2.174051e+02 -2.875188e+01
5.706459e+02 0.000000e+00 5.135445e+02 5.710138e+01
4.632721e+02 0.000000e+00 5.135445e+02 -5.027240e+01
6.300113e+01 0.000000e+00 2.697965e+01 3.602148e+01
-1.035953e+01 0.000000e+00 2.697965e+01 -3.733918e+01
2.435899e+02 0.000000e+00 2.904890e+02 -4.689914e+01
3.332518e+02 0.000000e+00 2.904890e+02 4.276282e+01
3.859608e+01 0.000000e+00 6.754232e+01 -2.894624e+01
9.516227e+01 0.000000e+00 6.754232e+01 2.761995e+01
1.466556e+02 0.000000e+00 2.173961e+02 -7.074051e+01
2.782213e+02 0.000000e+00 2.173961e+02 6.082524e+01
3.361950e+02 0.000000e+00 3.474515e+02 -1.125647e+01
3.580038e+02 0.000000e+00 3.474515e+02 1.055225e+01
1.433044e+02 0.000000e+00 9.485223e+01 4.845215e+01
2.821152e+01 0.000000e+00 9.485223e+01 -6.664071e+01
2.685807e+02 0.000000e+00 1.920814e+02 7.649939e+01
1.327810e+02 0.000000e+00 1.920814e+02 -5.930037e+01
2.806553e+02 0.000000e+00 2.252028e+02 5.545250e+01
1.722431e+02 0.000000e+00 2.252028e+02 -5.295972e+01
3.064276e+02 0.000000e+00 2.675542e+02 3.887332e+01
2.294479e+02 0.000000e+00 2.675542e+02 -3.810629e+01
9.278944e+01 0.000000e+00 -1.175642e+01 1.045459e+02
-1.055483e+02 0.000000e+00 -1.175642e+01 -9.379188e+01
7.111646e+01 0.000000e+00 3.998483e+01 3.113163e+01
-6.461610e+00 0.000000e+00 3.998483e+01 -4.644644e+01
3.197028e+02 0.000000e+00 3.241674e+02 -4.464569e+00
3.295247e+02 0.000000e+00 3.241674e+02 5.357361e+00
2.045179e+02 0.000000e+00 1.741671e+02 3.035072e+01
1.329532e+02 0.000000e+00 1.741671e+02 -4.121397e+01
1.896489e+02 0.000000e+00 5.707833e+01 1.325706e+02
-8.533096e+01 0.000000e+00 5.707833e+01 -1.424093e+02
