-5.020805e+01 0.000000e+00 8.198282e+00 -5.840633e+01
6.751187e+01 0.000000e+00 8.198282e+00 5.931359e+01
6.296437e+01 0.000000e+00 2.595558e+01 3.700880e+01
-3.211714e+01 0.000000e+00 2.595558e+01 -5.807272e+01
3.913848e+02 0.000000e+00 7.122132e+01 3.201635e+02
-2.790393e+02 0.000000e+00 7.122132e+01 -3.502606e+02
2.823118e+02 0.000000e+00 2.578158e+02 2.449606e+01
2.274398e+02 0.000000e+00 2.578158e+02 -3.037598e+01
1.110445e+02 0.000000e+00 2.297070e+02 -1.186626e+02
3.589775e+02 0.000000e+00 2.297070e+02 1.292705e+02
1.623060e+02 0.000000e+00 2.414206e+02 -7.911459e+01
3.456544e+02 0.000000e+00 2.414206e+02 1.042337e+02
2.988653e+02 0.000000e+00 1.900496e+02 1.088157e+02
6.935086e+01 0.000000e+00 1.900496e+02 -1.206987e+02
4.279656e+01 0.000000e+00 1.250081e+01 3.029575e+01
-1.059826e+01 0.000000e+00 1.250081e+01 -2.309907e+01
2.256134e+02 0.000000e+00 2.189279e+02 6.685471e+00
2.144121e+02 0.000000e+00 2.189279e+02 -4.515839e+00
1.805215e+01 0.000000e+00 2.253549e+02 -2.073028e+02
3.753701e+02 0.000000e+00 2.253549e+02 1.500152e+02
3.603580e+02 0.000000e+00 2.424912e+02 1.178669e+02
1.546528e+02 0.000000e+00 2.424912e+02 -8.783833e+01
3.415998e+02 0.000000e+00 3.327188e+02 8.881012e+00
3.165822e+02 0.000000e+00 3.327188e+02 -1.613663e+01
1.050001e+02 0.000000e+00 8.824850e+01 1.675159e+01
7.077383e+01 0.000000e+00 8.824850e+01 -1.747468e+01
2.514199e+02 0.000000e+00 2.450259e+02 6.393982e+00
2.384623e+02 0.000000e+00 2.450259e+02 -6.563583e+00
1.737489e+01 0.000000e+00 -1.126511e+01 2.863999e+01
-3.494157e+01 0.000000e+00 -1.126511e+01 -2.367647e+01
1.343816e+02 0.000000e+00 2.156744e+02 -8.129280e+01
2.749814e+02 0.000000e+00 2.156744e+02 5.930702e+01
3.760241e+01 0.000000e+00 2.215627e+00 3.538678e+01
-4.107487e+01 0.000000e+00 2.215627e+00 -4.329050e+01
4.536960e+02 0.000000e+00 3.033135e+02 1.503824e+02
1.128708e+02 0.000000e+00 3.033135e+02 -1.904427e+02
-2.547259e+02 0.000000e+00 7.431728e+01 -3.290431e+02
1.231223e+02 0.000000e+00 7.431728e+01 4.880498e+01
5.441669e+02 0.000000e+00 4.602192e+02 8.394775e+01
3.452279e+02 0.000000e+00 4.602192e+02 -1.149913e+02
1.571626e+02 0.000000e+00 1.343717e+02 2.279088e+01
1.110958e+02 0.000000e+00 1.343717e+02 -2.327588e+01
-3.542709e+00 0.000000e+00 -2.164649e+01 1.810378e+01
-3.515000e+01 0.000000e+00 -2.164649e+01 -1.350351e+01
1.327605e+02 0.000000e+00 8.978543e+01 4.297510e+01
4.693507e+01 0.000000e+00 8.978543e+01 -4.285036e+01
6.346705e+02 5.405776e+02 5.405776e+02 6.346705e+02
4.048758e+02 5.405776e+02 5.405776e+02 4.048758e+02
2.864737e+01 0.000000e+00 6.673858e+01 -3.809121e+01
1.064979e+02 0.000000e+00 6.673858e+01 3.975933e+01
4.257222e+01 0.000000e+00 7.918534e+01 -3.661312e+01
1.153660e+02 0.000000e+00 7.918534e+01 3.618061e+01
