9.018282e+01 0.000000e+00 4.847617e+01 4.170665e+01
6.894061e+00 0.000000e+00 4.847617e+01 -4.158211e+01
1.609363e+02 0.000000e+00 1.367452e+02 2.419111e+01
1.146915e+02 0.000000e+00 1.367452e+02 -2.205377e+01
3.958219e+01 0.000000e+00 -2.459397e-01 3.982813e+01
-4.035195e+01 0.000000e+00 -2.459397e-01 -4.010601e+01
2.317531e+02 0.000000e+00 1.892338e+02 4.251934e+01
1.369299e+02 0.000000e+00 1.892338e+02 -5.230384e+01
1.315504e+02 0.000000e+00 1.718707e+02 -4.032031e+01
2.175759e+02 0.000000e+00 1.718707e+02 4.570520e+01
1.038567e+02 0.000000e+00 8.129524e+01 2.256149e+01
5.830851e+01 0.000000e+00 8.129524e+01 -2.298673e+01
1.084993e+02 0.000000e+00 1.093908e+02 -8.914962e-01
1.103395e+02 0.000000e+00 1.093908e+02 9.487113e-01
1.742420e+02 0.000000e+00 1.417607e+02 3.248136e+01
1.069944e+02 0.000000e+00 1.417607e+02 -3.476626e+01
1.652805e+02 0.000000e+00 1.536557e+02 1.162482e+01
1.412623e+02 0.000000e+00 1.536557e+02 -1.239340e+01
8.918871e+01 0.000000e+00 1.383625e+02 -4.917380e+01
1.757569e+02 0.000000e+00 1.383625e+02 3.739434e+01
1.564035e+02 0.000000e+00 1.283368e+02 2.806671e+01
1.054143e+02 0.000000e+00 1.283368e+02 -2.292248e+01
2.040292e+02 0.000000e+00 1.959771e+02 8.052075e+00
1.861735e+02 0.000000e+00 1.959771e+02 -9.803577e+00
1.717609e+02 0.000000e+00 1.789416e+02 -7.180697e+00
1.862568e+02 0.000000e+00 1.789416e+02 7.315227e+00
1.430153e+02 0.000000e+00 1.481104e+02 -5.095052e+00
1.527339e+02 0.000000e+00 1.481104e+02 4.623504e+00
3.356103e+02 0.000000e+00 3.259206e+02 9.689718e+00
3.154506e+02 0.000000e+00 3.259206e+02 -1.046993e+01
2.721731e+02 2.620420e+02 2.620420e+02 2.721731e+02
2.521667e+02 2.620420e+02 2.620420e+02 2.521667e+02
2.241808e+02 0.000000e+00 1.907291e+02 3.345168e+01
1.618059e+02 0.000000e+00 1.907291e+02 -2.892319e+01
1.109103e+02 0.000000e+00 9.360971e+01 1.730060e+01
7.468302e+01 0.000000e+00 9.360971e+01 -1.892668e+01
1.751887e+02 0.000000e+00 1.599136e+02 1.527512e+01
1.570328e+02 0.000000e+00 1.599136e+02 -2.880780e+00
1.449656e+02 0.000000e+00 1.245393e+02 2.042631e+01
1.019022e+02 0.000000e+00 1.245393e+02 -2.263705e+01
2.403972e+02 0.000000e+00 2.568061e+02 -1.640894e+01
2.748666e+02 0.000000e+00 2.568061e+02 1.806056e+01
1.662246e+02 0.000000e+00 1.110088e+02 5.521588e+01
6.252864e+01 0.000000e+00 1.110088e+02 -4.848013e+01
4.971558e+01 0.000000e+00 5.383928e+01 -4.123693e+00
5.669176e+01 0.000000e+00 5.383928e+01 2.852480e+00
1.224462e+02 0.000000e+00 1.148974e+02 7.548784e+00
1.049415e+02 0.000000e+00 1.148974e+02 -9.955838e+00
4.646338e+01 0.000000e+00 7.322143e+01 -2.675805e+01
1.064671e+02 0.000000e+00 7.322143e+01 3.324568e+01
1.253104e+02 0.000000e+00 1.064500e+02 1.886041e+01
8.720806e+01 0.000000e+00 1.064500e+02 -1.924197e+01
