1.915401e+02 0.000000e+00 9.869669e+01 9.284341e+01
5.208580e+00 0.000000e+00 9.869669e+01 -9.348811e+01
2.923126e+02 0.000000e+00 2.087507e+02 8.356189e+01
1.387548e+02 0.000000e+00 2.087507e+02 -6.999586e+01
-3.468517e+01 0.000000e+00 -9.113433e+00 -2.557174e+01
1.116079e+01 0.000000e+00 -9.113433e+00 2.027422e+01
3.577692e+02 0.000000e+00 3.654505e+02 -7.681274e+00
3.818325e+02 0.000000e+00 3.654505e+02 1.638202e+01
2.768352e+02 0.000000e+00 2.496949e+02 2.714029e+01
1.986925e+02 0.000000e+00 2.496949e+02 -5.100241e+01
2.618026e+02 0.000000e+00 1.784221e+02 8.338045e+01
1.091954e+02 0.000000e+00 1.784221e+02 -6.922670e+01
9.578872e+01 0.000000e+00 1.328781e+02 -3.708935e+01
1.662557e+02 0.000000e+00 1.328781e+02 3.337761e+01
2.156413e+02 0.000000e+00 1.634347e+02 5.220668e+01
1.016183e+02 0.000000e+00 1.634347e+02 -6.181638e+01
3.145982e+02 0.000000e+00 2.322828e+02 8.231543e+01
1.308952e+02 0.000000e+00 2.322828e+02 -1.013875e+02
8.940715e+01 0.000000e+00 1.034867e+02 -1.407956e+01
1.146261e+02 0.000000e+00 1.034867e+02 1.113936e+01
1.089852e+02 0.000000e+00 1.181716e+02 -9.186386e+00
1.252336e+02 0.000000e+00 1.181716e+02 7.062012e+00
3.016447e+02 0.000000e+00 2.749721e+02 2.667261e+01
2.453979e+02 0.000000e+00 2.749721e+02 -2.957413e+01
1.641442e+02 0.000000e+00 1.263759e+02 3.776832e+01
9.547974e+01 0.000000e+00 1.263759e+02 -3.089612e+01
4.206886e+01 0.000000e+00 6.142602e+01 -1.935715e+01
8.114185e+01 0.000000e+00 6.142602e+01 1.971583e+01
3.375095e+02 0.000000e+00 3.843690e+02 -4.685953e+01
4.458982e+02 0.000000e+00 3.843690e+02 6.152921e+01
7.669321e+02 6.752018e+02 6.752018e+02 7.669321e+02
6.060566e+02 6.752018e+02 6.752018e+02 6.060566e+02
4.293411e+02 0.000000e+00 3.300310e+02 9.931009e+01
2.728195e+02 0.000000e+00 3.300310e+02 -5.721152e+01
2.588381e+02 0.000000e+00 3.279109e+02 -6.907278e+01
4.500372e+02 0.000000e+00 3.279109e+02 1.221263e+02
-7.851529e+00 0.000000e+00 1.838617e+02 -1.917133e+02
3.204406e+02 0.000000e+00 1.838617e+02 1.365788e+02
2.135885e+02 0.000000e+00 1.775310e+02 3.605751e+01
1.458936e+02 0.000000e+00 1.775310e+02 -3.163736e+01
1.893879e+02 0.000000e+00 1.974106e+02 -8.022751e+00
2.068215e+02 0.000000e+00 1.974106e+02 9.410843e+00
2.253628e+02 0.000000e+00 2.035533e+02 2.180952e+01
1.827109e+02 0.000000e+00 2.035533e+02 -2.084232e+01
1.343132e+02 0.000000e+00 1.073011e+02 2.701215e+01
7.195357e+01 0.000000e+00 1.073011e+02 -3.534750e+01
3.335752e+02 0.000000e+00 2.981402e+02 3.543497e+01
2.592650e+02 0.000000e+00 2.981402e+02 -3.887521e+01
1.069385e+02 0.000000e+00 9.414220e+01 1.279630e+01
7.466743e+01 0.000000e+00 9.414220e+01 -1.947477e+01
5.217191e+01 0.000000e+00 6.537708e+01 -1.320517e+01
8.065416e+01 0.000000e+00 6.537708e+01 1.527708e+01
