4.325519e+02 0.000000e+00 3.026180e+02 1.299339e+02
1.800023e+02 0.000000e+00 3.026180e+02 -1.226158e+02
2.564731e+02 0.000000e+00 1.164855e+02 1.399877e+02
7.159264e+00 0.000000e+00 1.164855e+02 -1.093262e+02
6.570940e+01 0.000000e+00 3.818390e+01 2.752550e+01
1.742208e+01 0.000000e+00 3.818390e+01 -2.076181e+01
2.036711e+02 0.000000e+00 1.247352e+02 7.893587e+01
2.051385e+01 0.000000e+00 1.247352e+02 -1.042213e+02
2.845561e+02 0.000000e+00 2.568676e+02 2.768842e+01
2.303543e+02 0.000000e+00 2.568676e+02 -2.651334e+01
1.785113e+02 0.000000e+00 1.737140e+02 4.797272e+00
1.683140e+02 0.000000e+00 1.737140e+02 -5.399994e+00
-7.120686e+01 0.000000e+00 -3.249001e+01 -3.871684e+01
9.382212e+00 0.000000e+00 -3.249001e+01 4.187222e+01
2.014834e+02 0.000000e+00 1.565520e+02 4.493138e+01
1.018286e+02 0.000000e+00 1.565520e+02 -5.472340e+01
2.478135e+01 0.000000e+00 -4.140441e+01 6.618576e+01
-9.714568e+01 0.000000e+00 -4.140441e+01 -5.574127e+01
5.142301e+00 0.000000e+00 6.981032e+01 -6.466802e+01
1.179973e+02 0.000000e+00 6.981032e+01 4.818697e+01
1.439078e+02 0.000000e+00 1.112354e+02 3.267246e+01
8.552994e+01 0.000000e+00 1.112354e+02 -2.570544e+01
2.008600e+02 0.000000e+00 2.175553e+02 -1.669531e+01
2.357097e+02 0.000000e+00 2.175553e+02 1.815440e+01
4.134195e+02 0.000000e+00 4.492570e+02 -3.583755e+01
4.793336e+02 0.000000e+00 4.492570e+02 3.007651e+01
4.249316e+01 0.000000e+00 5.451733e+01 -1.202417e+01
6.859404e+01 0.000000e+00 5.451733e+01 1.407671e+01
2.950821e+02 0.000000e+00 2.636516e+02 3.143048e+01
2.279602e+02 0.000000e+00 2.636516e+02 -3.569141e+01
1.597721e+02 0.000000e+00 1.932218e+02 -3.344968e+01
2.215315e+02 0.000000e+00 1.932218e+02 2.830971e+01
3.615539e+02 0.000000e+00 2.313497e+02 1.302041e+02
1.208967e+02 0.000000e+00 2.313497e+02 -1.104531e+02
6.873164e+01 0.000000e+00 9.494846e+01 -2.621682e+01
1.179761e+02 0.000000e+00 9.494846e+01 2.302764e+01
5.701053e+02 5.173815e+02 5.173815e+02 5.701053e+02
4.836202e+02 5.173815e+02 5.173815e+02 4.836202e+02
2.575217e+02 0.000000e+00 1.697090e+02 8.781265e+01
6.774928e+01 0.000000e+00 1.697090e+02 -1.019598e+02
2.012282e+02 0.000000e+00 2.315472e+02 -3.031895e+01
2.637483e+02 0.000000e+00 2.315472e+02 3.220113e+01
4.606980e+01 0.000000e+00 2.869323e+00 4.320047e+01
-3.613367e+01 0.000000e+00 2.869323e+00 -3.900300e+01
-6.639970e+01 0.000000e+00 -1.439828e+01 -5.200142e+01
6.201835e+01 0.000000e+00 -1.439828e+01 7.641663e+01
9.251266e+01 0.000000e+00 9.447675e+01 -1.964081e+00
9.695345e+01 0.000000e+00 9.447675e+01 2.476700e+00
1.254733e+02 0.000000e+00 1.692708e+02 -4.379749e+01
2.258875e+02 0.000000e+00 1.692708e+02 5.661664e+01
4.141404e+02 0.000000e+00 2.985572e+02 1.155833e+02
1.616842e+02 0.000000e+00 2.985572e+02 -1.368729e+02
