4.442983e+01 0.000000e+00 8.546305e+00 3.588352e+01
-2.566485e+01 0.000000e+00 8.546305e+00 -3.421115e+01
1.280504e+02 0.000000e+00 1.053697e+02 2.268065e+01
8.326135e+01 0.000000e+00 1.053697e+02 -2.210837e+01
1.714637e+00 0.000000e+00 -4.091360e+01 4.262823e+01
-8.077190e+01 0.000000e+00 -4.091360e+01 -3.985831e+01
1.529472e+02 0.000000e+00 1.180843e+02 3.486294e+01
7.851880e+01 0.000000e+00 1.180843e+02 -3.956548e+01
7.469499e+01 0.000000e+00 1.312323e+02 -5.653729e+01
1.967039e+02 0.000000e+00 1.312323e+02 6.547162e+01
7.308186e+01 0.000000e+00 4.130849e+01 3.177337e+01
7.819883e+00 0.000000e+00 4.130849e+01 -3.348861e+01
4.669309e+01 0.000000e+00 5.612544e+01 -9.432351e+00
6.532711e+01 0.000000e+00 5.612544e+01 9.201671e+00
8.737239e+01 0.000000e+00 5.184768e+01 3.552471e+01
1.268094e+01 0.000000e+00 5.184768e+01 -3.916675e+01
1.055920e+02 0.000000e+00 9.393828e+01 1.165376e+01
8.292498e+01 0.000000e+00 9.393828e+01 -1.101331e+01
3.804094e+01 0.000000e+00 9.597812e+01 -5.793718e+01
1.417220e+02 0.000000e+00 9.597812e+01 4.574391e+01
1.437693e+02 0.000000e+00 1.050267e+02 3.874260e+01
7.250204e+01 0.000000e+00 1.050267e+02 -3.252470e+01
1.388694e+02 0.000000e+00 1.345483e+02 4.321113e+00
1.301553e+02 0.000000e+00 1.345483e+02 -4.392943e+00
9.596720e+01 0.000000e+00 1.027440e+02 -6.776841e+00
1.097908e+02 0.000000e+00 1.027440e+02 7.046791e+00
4.232493e+01 0.000000e+00 4.858802e+01 -6.263098e+00
5.514632e+01 0.000000e+00 4.858802e+01 6.558301e+00
2.340492e+02 0.000000e+00 2.311690e+02 2.880175e+00
2.281787e+02 0.000000e+00 2.311690e+02 -2.990296e+00
6.680056e+01 0.000000e+00 7.310822e+01 -6.307667e+00
7.840866e+01 0.000000e+00 7.310822e+01 5.300431e+00
1.363162e+02 0.000000e+00 1.143201e+02 2.199617e+01
9.663560e+01 0.000000e+00 1.143201e+02 -1.768446e+01
3.902906e+01 0.000000e+00 3.876052e+01 2.685422e-01
3.636052e+01 0.000000e+00 3.876052e+01 -2.399991e+00
1.754512e+02 0.000000e+00 1.394524e+02 3.599884e+01
1.218732e+02 0.000000e+00 1.394524e+02 -1.757917e+01
1.099126e+02 0.000000e+00 8.468988e+01 2.522270e+01
5.466499e+01 0.000000e+00 8.468988e+01 -3.002489e+01
2.928428e+02 2.756670e+02 2.756670e+02 2.928428e+02
2.593137e+02 2.756670e+02 2.756670e+02 2.593137e+02
1.098500e+02 0.000000e+00 4.765811e+01 6.219193e+01
-1.197145e+01 0.000000e+00 4.765811e+01 -5.962956e+01
1.059233e+01 0.000000e+00 2.354320e+01 -1.295087e+01
3.694875e+01 0.000000e+00 2.354320e+01 1.340555e+01
7.231340e+01 0.000000e+00 8.088922e+01 -8.575821e+00
8.997974e+01 0.000000e+00 8.088922e+01 9.090521e+00
9.398008e+00 0.000000e+00 3.186515e+01 -2.246715e+01
6.022463e+01 0.000000e+00 3.186515e+01 2.835947e+01
8.612698e+01 0.000000e+00 5.357180e+01 3.255518e+01
1.891402e+01 0.000000e+00 5.357180e+01 -3.465778e+01
