4.715117e+01 0.000000e+00 2.819363e+01 1.895753e+01
9.352753e+00 0.000000e+00 2.819363e+01 -1.884088e+01
4.659529e+02 0.000000e+00 4.143242e+02 5.162875e+01
3.637426e+02 0.000000e+00 4.143242e+02 -5.058157e+01
-3.145736e+01 0.000000e+00 -3.620167e+01 4.744312e+00
-4.040434e+01 0.000000e+00 -3.620167e+01 -4.202667e+00
1.403006e+02 0.000000e+00 4.541837e+01 9.488225e+01
-7.199595e+01 0.000000e+00 4.541837e+01 -1.174143e+02
7.603695e+01 0.000000e+00 5.004685e+01 2.599010e+01
2.366757e+01 0.000000e+00 5.004685e+01 -2.637928e+01
9.337614e+01 0.000000e+00 4.495603e+01 4.842012e+01
-3.525124e-01 0.000000e+00 4.495603e+01 -4.530854e+01
1.053603e+02 0.000000e+00 9.943519e+01 5.925133e+00
9.311864e+01 0.000000e+00 9.943519e+01 -6.316544e+00
6.804395e+01 0.000000e+00 2.677803e+01 4.126592e+01
-2.054414e+01 0.000000e+00 2.677803e+01 -4.732217e+01
1.147528e+02 0.000000e+00 5.706689e+01 5.768590e+01
5.460430e+00 0.000000e+00 5.706689e+01 -5.160646e+01
1.066164e+02 0.000000e+00 1.175529e+02 -1.093651e+01
1.257836e+02 0.000000e+00 1.175529e+02 8.230690e+00
1.666813e+02 0.000000e+00 1.331266e+02 3.355472e+01
9.915800e+01 0.000000e+00 1.331266e+02 -3.396857e+01
7.993235e+02 7.213160e+02 7.213160e+02 7.993235e+02
6.143948e+02 7.213160e+02 7.213160e+02 6.143948e+02
8.601379e+01 0.000000e+00 1.052753e+02 -1.926150e+01
1.217125e+02 0.000000e+00 1.052753e+02 1.643716e+01
2.192757e+02 0.000000e+00 1.810449e+02 3.823079e+01
1.519373e+02 0.000000e+00 1.810449e+02 -2.910767e+01
6.704457e+01 0.000000e+00 1.086516e+02 -4.160708e+01
1.526712e+02 0.000000e+00 1.086516e+02 4.401955e+01
-6.812759e+00 0.000000e+00 8.943014e+00 -1.575577e+01
2.300554e+01 0.000000e+00 8.943014e+00 1.406252e+01
2.581089e+01 0.000000e+00 -4.058232e+01 6.639321e+01
-6.618209e+01 0.000000e+00 -4.058232e+01 -2.559977e+01
9.580338e+01 0.000000e+00 1.703222e+01 7.877116e+01
-3.494152e+01 0.000000e+00 1.703222e+01 -5.197374e+01
3.293030e+01 0.000000e+00 4.793869e+01 -1.500839e+01
5.958937e+01 0.000000e+00 4.793869e+01 1.165069e+01
-1.866897e+01 0.000000e+00 -2.566537e+01 6.996397e+00
-3.482346e+01 0.000000e+00 -2.566537e+01 -9.158089e+00
7.205128e+01 0.000000e+00 7.073672e+01 1.314568e+00
6.924526e+01 0.000000e+00 7.073672e+01 -1.491455e+00
1.236477e+02 0.000000e+00 2.995782e+01 9.368988e+01
-4.819836e+01 0.000000e+00 2.995782e+01 -7.815618e+01
9.416971e+01 0.000000e+00 1.177661e+02 -2.359634e+01
1.415956e+02 0.000000e+00 1.177661e+02 2.382956e+01
1.291435e+02 0.000000e+00 1.846133e+02 -5.546979e+01
2.463183e+02 0.000000e+00 1.846133e+02 6.170500e+01
9.386136e+01 0.000000e+00 4.353735e+01 5.032401e+01
-5.321117e+00 0.000000e+00 4.353735e+01 -4.885847e+01
1.519933e+02 0.000000e+00 9.173971e+01 6.025361e+01
4.678871e+01 0.000000e+00 9.173971e+01 -4.495100e+01
