7.126693e+01 0.000000e+00 2.643653e+01 4.483040e+01
-1.572058e+01 0.000000e+00 2.643653e+01 -4.215711e+01
1.621736e+02 0.000000e+00 1.408363e+02 2.133727e+01
1.197073e+02 0.000000e+00 1.408363e+02 -2.112902e+01
2.672107e+01 0.000000e+00 -2.210260e+01 4.882367e+01
-6.766368e+01 0.000000e+00 -2.210260e+01 -4.556109e+01
2.009948e+02 0.000000e+00 1.612596e+02 3.973515e+01
1.143168e+02 0.000000e+00 1.612596e+02 -4.694286e+01
1.002237e+02 0.000000e+00 1.623346e+02 -6.211085e+01
2.314571e+02 0.000000e+00 1.623346e+02 6.912249e+01
1.068708e+02 0.000000e+00 6.854337e+01 3.832740e+01
2.740702e+01 0.000000e+00 6.854337e+01 -4.113635e+01
7.545000e+01 0.000000e+00 7.837448e+01 -2.924484e+00
8.113408e+01 0.000000e+00 7.837448e+01 2.759604e+00
1.286909e+02 0.000000e+00 1.027655e+02 2.592542e+01
7.471498e+01 0.000000e+00 1.027655e+02 -2.805047e+01
1.376085e+02 0.000000e+00 1.258311e+02 1.177738e+01
1.141144e+02 0.000000e+00 1.258311e+02 -1.171666e+01
1.667091e+02 2.411313e+02 2.411313e+02 1.667091e+02
2.965147e+02 2.411313e+02 2.411313e+02 2.965147e+02
1.559572e+02 0.000000e+00 1.186823e+02 3.727493e+01
8.702226e+01 0.000000e+00 1.186823e+02 -3.166004e+01
1.829996e+02 0.000000e+00 1.776091e+02 5.390428e+00
1.726648e+02 0.000000e+00 1.776091e+02 -4.944376e+00
1.317274e+02 0.000000e+00 1.385854e+02 -6.857971e+00
1.459645e+02 0.000000e+00 1.385854e+02 7.379031e+00
7.452657e+01 0.000000e+00 7.996775e+01 -5.441182e+00
8.545103e+01 0.000000e+00 7.996775e+01 5.483273e+00
2.589014e+02 0.000000e+00 2.525089e+02 6.392458e+00
2.469738e+02 0.000000e+00 2.525089e+02 -5.535096e+00
1.058704e+02 0.000000e+00 1.126252e+02 -6.754818e+00
1.178896e+02 0.000000e+00 1.126252e+02 5.264393e+00
1.876362e+02 0.000000e+00 1.621108e+02 2.552539e+01
1.410074e+02 0.000000e+00 1.621108e+02 -2.110347e+01
8.027911e+01 0.000000e+00 6.074349e+01 1.953562e+01
3.798686e+01 0.000000e+00 6.074349e+01 -2.275663e+01
1.954040e+02 0.000000e+00 1.657424e+02 2.966166e+01
1.522127e+02 0.000000e+00 1.657424e+02 -1.352960e+01
1.410011e+02 0.000000e+00 1.187444e+02 2.225667e+01
9.231923e+01 0.000000e+00 1.187444e+02 -2.642519e+01
2.352057e+02 0.000000e+00 2.310126e+02 4.193102e+00
2.274331e+02 0.000000e+00 2.310126e+02 -3.579477e+00
1.468525e+02 0.000000e+00 8.066651e+01 6.618595e+01
1.814561e+01 0.000000e+00 8.066651e+01 -6.252090e+01
3.288761e+01 0.000000e+00 3.821927e+01 -5.331664e+00
4.370847e+01 0.000000e+00 3.821927e+01 5.489194e+00
1.025702e+02 0.000000e+00 1.053784e+02 -2.808185e+00
1.068470e+02 0.000000e+00 1.053784e+02 1.468543e+00
2.529952e+01 0.000000e+00 4.374535e+01 -1.844582e+01
6.720037e+01 0.000000e+00 4.374535e+01 2.345503e+01
1.140638e+02 0.000000e+00 8.182796e+01 3.223583e+01
4.763044e+01 0.000000e+00 8.182796e+01 -3.419752e+01
