7.427790e+01 0.000000e+00 3.961886e+01 3.465904e+01
6.259198e+00 0.000000e+00 3.961886e+01 -3.335967e+01
1.517236e+02 0.000000e+00 1.350337e+02 1.668985e+01
1.193819e+02 0.000000e+00 1.350337e+02 -1.565184e+01
1.721965e+01 0.000000e+00 -2.294095e+01 4.016060e+01
-5.828802e+01 0.000000e+00 -2.294095e+01 -3.534707e+01
1.769082e+02 0.000000e+00 1.384605e+02 3.844769e+01
9.442428e+01 0.000000e+00 1.384605e+02 -4.403618e+01
1.141169e+02 0.000000e+00 1.677783e+02 -5.366133e+01
2.282047e+02 0.000000e+00 1.677783e+02 6.042642e+01
8.959633e+01 0.000000e+00 6.397676e+01 2.561957e+01
3.684079e+01 0.000000e+00 6.397676e+01 -2.713597e+01
5.008130e+01 0.000000e+00 5.476636e+01 -4.685062e+00
5.910876e+01 0.000000e+00 5.476636e+01 4.342403e+00
9.702880e+01 0.000000e+00 6.693067e+01 3.009813e+01
3.429811e+01 0.000000e+00 6.693067e+01 -3.263256e+01
1.024422e+02 0.000000e+00 1.032262e+02 -7.840128e-01
1.039521e+02 0.000000e+00 1.032262e+02 7.258691e-01
4.435935e+01 0.000000e+00 8.111442e+01 -3.675508e+01
1.098283e+02 0.000000e+00 8.111442e+01 2.871383e+01
1.532779e+02 0.000000e+00 1.105714e+02 4.270650e+01
7.457102e+01 0.000000e+00 1.105714e+02 -3.600040e+01
1.534661e+02 0.000000e+00 1.470439e+02 6.422219e+00
1.395948e+02 0.000000e+00 1.470439e+02 -7.449137e+00
1.125260e+02 0.000000e+00 1.155750e+02 -3.049032e+00
1.189346e+02 0.000000e+00 1.155750e+02 3.359564e+00
7.273205e+01 0.000000e+00 7.093866e+01 1.793383e+00
6.921105e+01 0.000000e+00 7.093866e+01 -1.727613e+00
2.389044e+02 0.000000e+00 2.365380e+02 2.366496e+00
2.340576e+02 0.000000e+00 2.365380e+02 -2.480382e+00
6.676723e+01 0.000000e+00 7.262645e+01 -5.859220e+00
7.736465e+01 0.000000e+00 7.262645e+01 4.738205e+00
1.470841e+02 0.000000e+00 1.264628e+02 2.062129e+01
1.102074e+02 0.000000e+00 1.264628e+02 -1.625541e+01
5.942564e+01 0.000000e+00 5.831254e+01 1.113104e+00
5.542781e+01 0.000000e+00 5.831254e+01 -2.884727e+00
3.146801e+02 2.519628e+02 2.519628e+02 3.146801e+02
2.226243e+02 2.519628e+02 2.519628e+02 2.226243e+02
1.262470e+02 0.000000e+00 9.678831e+01 2.945870e+01
6.360171e+01 0.000000e+00 9.678831e+01 -3.318660e+01
1.699220e+02 0.000000e+00 1.609940e+02 8.928011e+00
1.517113e+02 0.000000e+00 1.609940e+02 -9.282695e+00
1.241571e+02 0.000000e+00 6.673444e+01 5.742262e+01
1.467166e+01 0.000000e+00 6.673444e+01 -5.206278e+01
2.430337e+01 0.000000e+00 3.241186e+01 -8.108487e+00
4.133596e+01 0.000000e+00 3.241186e+01 8.924100e+00
7.181939e+01 0.000000e+00 8.057035e+01 -8.750967e+00
8.980766e+01 0.000000e+00 8.057035e+01 9.237311e+00
3.280238e+01 0.000000e+00 4.862302e+01 -1.582064e+01
6.791828e+01 0.000000e+00 4.862302e+01 1.929526e+01
9.058155e+01 0.000000e+00 6.145567e+01 2.912588e+01
3.107837e+01 0.000000e+00 6.145567e+01 -3.037729e+01
