6.285590e+01 0.000000e+00 2.718205e+01 3.567385e+01
-1.111051e+01 0.000000e+00 2.718205e+01 -3.829256e+01
2.179580e+02 0.000000e+00 1.981247e+02 1.983334e+01
1.815061e+02 0.000000e+00 1.981247e+02 -1.661861e+01
3.486923e+02 2.905004e+02 2.905004e+02 3.486923e+02
2.307752e+02 2.905004e+02 2.905004e+02 2.307752e+02
3.209661e+02 0.000000e+00 2.705783e+02 5.038778e+01
2.073302e+02 0.000000e+00 2.705783e+02 -6.324807e+01
1.490350e+02 0.000000e+00 1.961575e+02 -4.712250e+01
2.519611e+02 0.000000e+00 1.961575e+02 5.580357e+01
2.008280e+02 0.000000e+00 1.740701e+02 2.675789e+01
1.481592e+02 0.000000e+00 1.740701e+02 -2.591096e+01
1.104332e+02 0.000000e+00 1.154971e+02 -5.063878e+00
1.198004e+02 0.000000e+00 1.154971e+02 4.303323e+00
2.274838e+02 0.000000e+00 2.021951e+02 2.528875e+01
1.742882e+02 0.000000e+00 2.021951e+02 -2.790689e+01
2.439015e+02 0.000000e+00 2.177049e+02 2.619661e+01
1.888387e+02 0.000000e+00 2.177049e+02 -2.886621e+01
2.320135e+01 0.000000e+00 8.002184e+01 -5.682049e+01
1.230489e+02 0.000000e+00 8.002184e+01 4.302710e+01
1.885855e+02 0.000000e+00 1.692369e+02 1.934857e+01
1.540814e+02 0.000000e+00 1.692369e+02 -1.515555e+01
2.130680e+02 0.000000e+00 2.277110e+02 -1.464301e+01
2.426916e+02 0.000000e+00 2.277110e+02 1.498058e+01
2.207233e+02 0.000000e+00 2.117241e+02 8.999174e+00
2.015830e+02 0.000000e+00 2.117241e+02 -1.014115e+01
2.377471e+02 0.000000e+00 2.175312e+02 2.021594e+01
1.983490e+02 0.000000e+00 2.175312e+02 -1.918220e+01
4.006636e+02 0.000000e+00 3.480842e+02 5.257936e+01
2.945594e+02 0.000000e+00 3.480842e+02 -5.352482e+01
1.550877e+02 0.000000e+00 1.311122e+02 2.397551e+01
1.087027e+02 0.000000e+00 1.311122e+02 -2.240949e+01
1.842008e+02 0.000000e+00 1.311777e+02 5.302315e+01
8.047573e+01 0.000000e+00 1.311777e+02 -5.070194e+01
6.885052e+01 0.000000e+00 6.156658e+01 7.283947e+00
5.487398e+01 0.000000e+00 6.156658e+01 -6.692591e+00
2.269193e+02 0.000000e+00 2.199600e+02 6.959285e+00
2.138528e+02 0.000000e+00 2.199600e+02 -6.107257e+00
1.414535e+02 0.000000e+00 1.386102e+02 2.843338e+00
1.347394e+02 0.000000e+00 1.386102e+02 -3.870781e+00
3.166800e+02 0.000000e+00 3.504596e+02 -3.377957e+01
3.838023e+02 0.000000e+00 3.504596e+02 3.334279e+01
2.020669e+02 0.000000e+00 1.142925e+02 8.777444e+01
4.204375e+01 0.000000e+00 1.142925e+02 -7.224871e+01
1.234086e+02 0.000000e+00 1.233220e+02 8.657299e-02
1.235443e+02 0.000000e+00 1.233220e+02 2.222845e-01
1.559165e+02 0.000000e+00 1.598723e+02 -3.955814e+00
1.652302e+02 0.000000e+00 1.598723e+02 5.357937e+00
9.826460e+01 0.000000e+00 1.497798e+02 -5.151520e+01
2.126197e+02 0.000000e+00 1.497798e+02 6.283989e+01
1.583437e+02 0.000000e+00 1.280804e+02 3.026336e+01
9.652887e+01 0.000000e+00 1.280804e+02 -3.155151e+01
