8.129602e+01 0.000000e+00 3.942163e+01 4.187440e+01
1.593180e-01 0.000000e+00 3.942163e+01 -3.926231e+01
1.473761e+02 0.000000e+00 1.251206e+02 2.225544e+01
1.037409e+02 0.000000e+00 1.251206e+02 -2.137974e+01
4.433034e+01 0.000000e+00 -2.663535e+01 7.096569e+01
-9.200995e+01 0.000000e+00 -2.663535e+01 -6.537460e+01
1.813532e+02 0.000000e+00 1.401544e+02 4.119874e+01
9.514400e+01 0.000000e+00 1.401544e+02 -4.501043e+01
9.095346e+01 0.000000e+00 1.538533e+02 -6.289988e+01
2.216452e+02 0.000000e+00 1.538533e+02 6.779183e+01
7.749431e+01 0.000000e+00 5.204697e+01 2.544734e+01
2.557758e+01 0.000000e+00 5.204697e+01 -2.646939e+01
7.061667e+01 0.000000e+00 7.018452e+01 4.321495e-01
7.019003e+01 0.000000e+00 7.018452e+01 5.511095e-03
9.552236e+01 0.000000e+00 6.126208e+01 3.426028e+01
2.365768e+01 0.000000e+00 6.126208e+01 -3.760440e+01
1.180382e+02 0.000000e+00 1.132723e+02 4.765923e+00
1.073311e+02 0.000000e+00 1.132723e+02 -5.941210e+00
7.171624e+01 0.000000e+00 9.968015e+01 -2.796391e+01
1.216195e+02 0.000000e+00 9.968015e+01 2.193935e+01
1.458963e+02 0.000000e+00 1.038063e+02 4.208993e+01
7.060032e+01 0.000000e+00 1.038063e+02 -3.320603e+01
1.882254e+02 0.000000e+00 1.732812e+02 1.494411e+01
1.566372e+02 0.000000e+00 1.732812e+02 -1.664407e+01
1.160713e+02 0.000000e+00 1.194647e+02 -3.393425e+00
1.233299e+02 0.000000e+00 1.194647e+02 3.865227e+00
1.038135e+02 0.000000e+00 1.046264e+02 -8.128359e-01
1.058483e+02 0.000000e+00 1.046264e+02 1.221905e+00
2.420498e+02 0.000000e+00 2.325075e+02 9.542256e+00
2.224302e+02 0.000000e+00 2.325075e+02 -1.007729e+01
1.064682e+02 0.000000e+00 9.951825e+01 6.949918e+00
9.354761e+01 0.000000e+00 9.951825e+01 -5.970644e+00
1.732230e+02 0.000000e+00 1.437521e+02 2.947094e+01
1.226031e+02 0.000000e+00 1.437521e+02 -2.114894e+01
7.559438e+01 0.000000e+00 6.881625e+01 6.778128e+00
6.070883e+01 0.000000e+00 6.881625e+01 -8.107418e+00
1.978081e+02 0.000000e+00 1.518323e+02 4.597579e+01
1.332339e+02 0.000000e+00 1.518323e+02 -1.859841e+01
3.254425e+02 2.842345e+02 2.842345e+02 3.254425e+02
2.378689e+02 2.842345e+02 2.842345e+02 2.378689e+02
1.962503e+02 0.000000e+00 1.878790e+02 8.371273e+00
1.800321e+02 0.000000e+00 1.878790e+02 -7.846908e+00
1.458884e+02 0.000000e+00 7.627830e+01 6.961013e+01
1.291339e+01 0.000000e+00 7.627830e+01 -6.336491e+01
3.952188e+01 0.000000e+00 4.515946e+01 -5.637581e+00
4.891577e+01 0.000000e+00 4.515946e+01 3.756301e+00
7.168270e+01 0.000000e+00 8.308985e+01 -1.140715e+01
9.592677e+01 0.000000e+00 8.308985e+01 1.283692e+01
3.746360e+01 0.000000e+00 5.043639e+01 -1.297279e+01
6.582056e+01 0.000000e+00 5.043639e+01 1.538417e+01
9.371688e+01 0.000000e+00 6.909309e+01 2.462379e+01
4.319559e+01 0.000000e+00 6.909309e+01 -2.589750e+01
