-6.481228e+01 0.000000e+00 -2.088079e+01 -4.393149e+01
2.393326e+01 0.000000e+00 -2.088079e+01 4.481405e+01
2.151292e+02 0.000000e+00 1.876056e+02 2.752359e+01
1.250396e+02 0.000000e+00 1.876056e+02 -6.256607e+01
6.566736e+02 0.000000e+00 2.534725e+02 4.032011e+02
-1.799882e+02 0.000000e+00 2.534725e+02 -4.334607e+02
2.391663e+02 0.000000e+00 2.243032e+02 1.486310e+01
2.037643e+02 0.000000e+00 2.243032e+02 -2.053894e+01
2.436621e+02 0.000000e+00 2.430474e+02 6.147308e-01
2.422834e+02 0.000000e+00 2.430474e+02 -7.640381e-01
1.953837e+02 0.000000e+00 2.023481e+02 -6.964462e+00
2.100433e+02 0.000000e+00 2.023481e+02 7.695129e+00
3.147005e+02 0.000000e+00 1.977695e+02 1.169309e+02
8.167416e+01 0.000000e+00 1.977695e+02 -1.160954e+02
1.710957e+02 0.000000e+00 1.408346e+02 3.026109e+01
1.097670e+02 0.000000e+00 1.408346e+02 -3.106763e+01
2.671420e+02 0.000000e+00 2.964098e+02 -2.926782e+01
3.154625e+02 0.000000e+00 2.964098e+02 1.905267e+01
3.401086e+01 0.000000e+00 9.921792e+01 -6.520706e+01
1.563849e+02 0.000000e+00 9.921792e+01 5.716698e+01
4.714375e+02 0.000000e+00 3.136050e+02 1.578325e+02
1.976341e+02 0.000000e+00 3.136050e+02 -1.159709e+02
1.779890e+02 0.000000e+00 1.918591e+02 -1.387010e+01
2.112646e+02 0.000000e+00 1.918591e+02 1.940553e+01
8.036659e+01 0.000000e+00 6.651524e+01 1.385135e+01
4.907250e+01 0.000000e+00 6.651524e+01 -1.744275e+01
3.044921e+02 0.000000e+00 2.831257e+02 2.136636e+01
2.556358e+02 0.000000e+00 2.831257e+02 -2.748994e+01
3.029996e+02 0.000000e+00 2.301205e+02 7.287906e+01
1.668257e+02 0.000000e+00 2.301205e+02 -6.329477e+01
2.736294e+01 0.000000e+00 9.506187e+01 -6.769894e+01
1.518993e+02 0.000000e+00 9.506187e+01 5.683746e+01
3.349672e+02 0.000000e+00 3.323717e+02 2.595459e+00
3.292648e+02 0.000000e+00 3.323717e+02 -3.106934e+00
8.841954e+02 7.864438e+02 7.864438e+02 8.841954e+02
6.378192e+02 7.864438e+02 7.864438e+02 6.378192e+02
4.019294e+02 0.000000e+00 3.740005e+02 2.792880e+01
3.557393e+02 0.000000e+00 3.740005e+02 -1.826126e+01
5.524073e+02 0.000000e+00 4.502282e+02 1.021791e+02
2.854273e+02 0.000000e+00 4.502282e+02 -1.648009e+02
1.216473e+02 0.000000e+00 1.380372e+02 -1.638989e+01
1.541193e+02 0.000000e+00 1.380372e+02 1.608206e+01
3.149709e+02 0.000000e+00 1.661826e+02 1.487882e+02
1.530098e+01 0.000000e+00 1.661826e+02 -1.508816e+02
1.632937e+02 0.000000e+00 2.108131e+02 -4.751939e+01
2.501154e+02 0.000000e+00 2.108131e+02 3.930238e+01
5.484543e+02 0.000000e+00 4.124333e+02 1.360210e+02
2.395745e+02 0.000000e+00 4.124333e+02 -1.728588e+02
1.003420e+02 0.000000e+00 1.094847e+02 -9.142731e+00
1.217413e+02 0.000000e+00 1.094847e+02 1.225660e+01
1.401534e+02 0.000000e+00 1.660926e+02 -2.593919e+01
1.957366e+02 0.000000e+00 1.660926e+02 2.964395e+01
