3.109145e+01 0.000000e+00 2.010682e+01 1.098462e+01
1.256025e+01 0.000000e+00 2.010682e+01 -7.546574e+00
-1.587688e+01 0.000000e+00 4.862120e+01 -6.449808e+01
1.285073e+02 0.000000e+00 4.862120e+01 7.988607e+01
-3.051874e+01 0.000000e+00 6.599436e+00 -3.711818e+01
3.005446e+01 0.000000e+00 6.599436e+00 2.345503e+01
1.310859e+03 1.192035e+03 1.192035e+03 1.310859e+03
1.018772e+03 1.192035e+03 1.192035e+03 1.018772e+03
1.737969e+02 0.000000e+00 2.250786e+02 -5.128163e+01
2.712448e+02 0.000000e+00 2.250786e+02 4.616624e+01
2.733438e+02 0.000000e+00 2.750144e+02 -1.670654e+00
2.766484e+02 0.000000e+00 2.750144e+02 1.634033e+00
1.502119e+02 0.000000e+00 1.155988e+02 3.461308e+01
6.317102e+01 0.000000e+00 1.155988e+02 -5.242776e+01
1.062164e+02 0.000000e+00 1.015925e+02 4.623901e+00
9.603823e+01 0.000000e+00 1.015925e+02 -5.554306e+00
5.341958e+02 0.000000e+00 4.514625e+02 8.273334e+01
3.966741e+02 0.000000e+00 4.514625e+02 -5.478836e+01
2.432120e+02 0.000000e+00 2.724881e+02 -2.927617e+01
2.946721e+02 0.000000e+00 2.724881e+02 2.218396e+01
2.002473e+02 0.000000e+00 2.107757e+02 -1.052846e+01
2.228720e+02 0.000000e+00 2.107757e+02 1.209630e+01
3.480729e+02 0.000000e+00 3.424135e+02 5.659363e+00
3.350666e+02 0.000000e+00 3.424135e+02 -7.346954e+00
2.568241e+02 0.000000e+00 2.395801e+02 1.724394e+01
2.250371e+02 0.000000e+00 2.395801e+02 -1.454301e+01
3.568786e+02 0.000000e+00 2.854135e+02 7.146503e+01
2.151714e+02 0.000000e+00 2.854135e+02 -7.024217e+01
1.182263e+02 0.000000e+00 7.446488e+01 4.376144e+01
2.653751e+01 0.000000e+00 7.446488e+01 -4.792738e+01
9.478143e+01 0.000000e+00 1.520478e+02 -5.726640e+01
1.921391e+02 0.000000e+00 1.520478e+02 4.009129e+01
2.525216e+02 0.000000e+00 2.415543e+02 1.096730e+01
2.272386e+02 0.000000e+00 2.415543e+02 -1.431570e+01
2.696664e+02 0.000000e+00 1.960510e+02 7.361537e+01
1.487160e+02 0.000000e+00 1.960510e+02 -4.733499e+01
-4.246584e+02 0.000000e+00 -1.572184e+01 -4.089365e+02
3.713937e+01 0.000000e+00 -1.572184e+01 5.286122e+01
1.425820e+02 0.000000e+00 1.323242e+02 1.025786e+01
1.186956e+02 0.000000e+00 1.323242e+02 -1.362856e+01
3.640907e+02 0.000000e+00 3.682758e+02 -4.185089e+00
3.750743e+02 0.000000e+00 3.682758e+02 6.798523e+00
1.455715e+02 0.000000e+00 1.495818e+02 -4.010345e+00
1.523715e+02 0.000000e+00 1.495818e+02 2.789703e+00
2.287768e+02 0.000000e+00 2.700454e+02 -4.126863e+01
3.021465e+02 0.000000e+00 2.700454e+02 3.210104e+01
2.560326e+02 0.000000e+00 2.024794e+02 5.355312e+01
1.436787e+02 0.000000e+00 2.024794e+02 -5.880078e+01
1.423143e+02 0.000000e+00 1.397549e+02 2.559372e+00
1.342165e+02 0.000000e+00 1.397549e+02 -5.538361e+00
8.930090e+01 0.000000e+00 8.273063e+01 6.570274e+00
7.671856e+01 0.000000e+00 8.273063e+01 -6.012070e+00
