1.186249e+02 0.000000e+00 6.505911e+01 5.356584e+01
1.339014e+01 0.000000e+00 6.505911e+01 -5.166897e+01
1.643883e+02 0.000000e+00 1.356796e+02 2.870873e+01
1.085217e+02 0.000000e+00 1.356796e+02 -2.715789e+01
6.054815e+01 0.000000e+00 -9.048904e-01 6.145304e+01
-6.183033e+01 0.000000e+00 -9.048904e-01 -6.092544e+01
2.252789e+02 0.000000e+00 1.832898e+02 4.198909e+01
1.316300e+02 0.000000e+00 1.832898e+02 -5.165985e+01
1.222054e+02 0.000000e+00 1.705684e+02 -4.836305e+01
2.293229e+02 0.000000e+00 1.705684e+02 5.875452e+01
1.262877e+02 0.000000e+00 9.589663e+01 3.039107e+01
6.390494e+01 0.000000e+00 9.589663e+01 -3.199169e+01
2.491150e+02 2.343601e+02 2.343601e+02 2.491150e+02
2.179098e+02 2.343601e+02 2.343601e+02 2.179098e+02
1.467857e+02 0.000000e+00 1.058472e+02 4.093846e+01
6.097630e+01 0.000000e+00 1.058472e+02 -4.487090e+01
1.416131e+02 0.000000e+00 1.360994e+02 5.513633e+00
1.304375e+02 0.000000e+00 1.360994e+02 -5.661925e+00
5.660642e+01 0.000000e+00 1.050977e+02 -4.849124e+01
1.422458e+02 0.000000e+00 1.050977e+02 3.714815e+01
1.459876e+02 0.000000e+00 1.111931e+02 3.479446e+01
8.107914e+01 0.000000e+00 1.111931e+02 -3.011397e+01
2.224953e+02 0.000000e+00 2.127231e+02 9.772199e+00
1.994253e+02 0.000000e+00 2.127231e+02 -1.329780e+01
1.583595e+02 0.000000e+00 1.623709e+02 -4.011336e+00
1.661785e+02 0.000000e+00 1.623709e+02 3.807588e+00
1.291510e+02 0.000000e+00 1.394866e+02 -1.033557e+01
1.506065e+02 0.000000e+00 1.394866e+02 1.111993e+01
3.037542e+02 0.000000e+00 2.984781e+02 5.276107e+00
2.934187e+02 0.000000e+00 2.984781e+02 -5.059408e+00
1.163442e+02 0.000000e+00 1.220488e+02 -5.704627e+00
1.268345e+02 0.000000e+00 1.220488e+02 4.785714e+00
1.916972e+02 0.000000e+00 1.541437e+02 3.755346e+01
1.231481e+02 0.000000e+00 1.541437e+02 -3.099562e+01
5.540091e+01 0.000000e+00 5.160640e+01 3.794506e+00
4.458220e+01 0.000000e+00 5.160640e+01 -7.024199e+00
2.006578e+02 0.000000e+00 1.604321e+02 4.022569e+01
1.416144e+02 0.000000e+00 1.604321e+02 -1.881772e+01
1.355365e+02 0.000000e+00 1.058649e+02 2.967164e+01
7.347178e+01 0.000000e+00 1.058649e+02 -3.239309e+01
2.188585e+02 0.000000e+00 2.201625e+02 -1.303980e+00
2.216061e+02 0.000000e+00 2.201625e+02 1.443598e+00
1.481150e+02 0.000000e+00 8.167906e+01 6.643597e+01
2.374494e+01 0.000000e+00 8.167906e+01 -5.793413e+01
5.343747e+01 0.000000e+00 5.827496e+01 -4.837488e+00
6.252774e+01 0.000000e+00 5.827496e+01 4.252777e+00
1.319478e+02 0.000000e+00 1.233385e+02 8.609223e+00
1.139637e+02 0.000000e+00 1.233385e+02 -9.374809e+00
4.681841e+01 0.000000e+00 6.342782e+01 -1.660941e+01
8.371379e+01 0.000000e+00 6.342782e+01 2.028597e+01
1.283689e+02 0.000000e+00 9.291665e+01 3.545228e+01
5.680018e+01 0.000000e+00 9.291665e+01 -3.611647e+01
