5.375062e+01 0.000000e+00 2.501912e+01 2.873150e+01
-2.477036e+00 0.000000e+00 2.501912e+01 -2.749615e+01
1.407931e+02 0.000000e+00 1.233126e+02 1.748043e+01
1.061962e+02 0.000000e+00 1.233126e+02 -1.711648e+01
2.093355e+01 0.000000e+00 -3.073752e+01 5.167107e+01
-7.727515e+01 0.000000e+00 -3.073752e+01 -4.653763e+01
1.826876e+02 0.000000e+00 1.384534e+02 4.423417e+01
8.833813e+01 0.000000e+00 1.384534e+02 -5.011526e+01
9.991032e+01 0.000000e+00 1.579254e+02 -5.801504e+01
2.237664e+02 0.000000e+00 1.579254e+02 6.584099e+01
8.603977e+01 0.000000e+00 5.518698e+01 3.085279e+01
2.272031e+01 0.000000e+00 5.518698e+01 -3.246668e+01
5.426138e+01 0.000000e+00 5.671679e+01 -2.455413e+00
5.895902e+01 0.000000e+00 5.671679e+01 2.242232e+00
9.351534e+01 0.000000e+00 5.816360e+01 3.535174e+01
1.864578e+01 0.000000e+00 5.816360e+01 -3.951782e+01
1.085743e+02 0.000000e+00 1.061120e+02 2.462298e+00
1.031415e+02 0.000000e+00 1.061120e+02 -2.970477e+00
4.731415e+01 0.000000e+00 8.760755e+01 -4.029340e+01
1.192285e+02 0.000000e+00 8.760755e+01 3.162093e+01
1.459262e+02 0.000000e+00 1.049674e+02 4.095879e+01
7.176168e+01 0.000000e+00 1.049674e+02 -3.320576e+01
1.559100e+02 0.000000e+00 1.525197e+02 3.390331e+00
1.497064e+02 0.000000e+00 1.525197e+02 -2.813280e+00
1.071648e+02 0.000000e+00 1.155144e+02 -8.349653e+00
1.239973e+02 0.000000e+00 1.155144e+02 8.482901e+00
7.857837e+01 0.000000e+00 7.768287e+01 8.955057e-01
7.710611e+01 0.000000e+00 7.768287e+01 -5.767613e-01
2.218023e+02 0.000000e+00 2.162651e+02 5.537120e+00
2.102088e+02 0.000000e+00 2.162651e+02 -6.056314e+00
7.312358e+01 0.000000e+00 8.033515e+01 -7.211578e+00
8.647846e+01 0.000000e+00 8.033515e+01 6.143309e+00
2.850976e+02 2.597756e+02 2.597756e+02 2.850976e+02
2.403827e+02 2.597756e+02 2.597756e+02 2.403827e+02
6.733956e+01 0.000000e+00 6.071300e+01 6.626553e+00
5.299023e+01 0.000000e+00 6.071300e+01 -7.722769e+00
1.821667e+02 0.000000e+00 1.484286e+02 3.373802e+01
1.337680e+02 0.000000e+00 1.484286e+02 -1.466063e+01
1.201400e+02 0.000000e+00 9.440592e+01 2.573412e+01
6.545915e+01 0.000000e+00 9.440592e+01 -2.894677e+01
1.724121e+02 0.000000e+00 1.640679e+02 8.344191e+00
1.562754e+02 0.000000e+00 1.640679e+02 -7.792515e+00
1.313477e+02 0.000000e+00 6.917609e+01 6.217159e+01
1.107770e+01 0.000000e+00 6.917609e+01 -5.809839e+01
2.476812e+01 0.000000e+00 3.837550e+01 -1.360739e+01
5.314779e+01 0.000000e+00 3.837550e+01 1.477229e+01
7.984676e+01 0.000000e+00 8.408448e+01 -4.237725e+00
8.827921e+01 0.000000e+00 8.408448e+01 4.194730e+00
3.163598e+01 0.000000e+00 3.996773e+01 -8.331748e+00
5.037013e+01 0.000000e+00 3.996773e+01 1.040240e+01
9.566483e+01 0.000000e+00 6.255692e+01 3.310791e+01
2.777315e+01 0.000000e+00 6.255692e+01 -3.478377e+01
