3.311290e+01 0.000000e+00 2.745536e+01 5.657534e+00
2.161366e+01 0.000000e+00 2.745536e+01 -5.841703e+00
4.538065e+01 0.000000e+00 7.293604e+01 -2.755539e+01
9.947334e+01 0.000000e+00 7.293604e+01 2.653731e+01
-9.201455e+01 0.000000e+00 -1.098820e+02 1.786745e+01
-1.244800e+02 0.000000e+00 -1.098820e+02 -1.459795e+01
3.531431e+02 0.000000e+00 2.957426e+02 5.740048e+01
2.268125e+02 0.000000e+00 2.957426e+02 -6.893008e+01
9.150063e+01 0.000000e+00 1.158781e+02 -2.437745e+01
1.512034e+02 0.000000e+00 1.158781e+02 3.532533e+01
-4.266243e+01 0.000000e+00 -9.539604e+00 -3.312283e+01
2.234361e+01 0.000000e+00 -9.539604e+00 3.188321e+01
2.949717e+02 2.554608e+02 2.554608e+02 2.949717e+02
2.113637e+02 2.554608e+02 2.554608e+02 2.113637e+02
-3.904400e+00 0.000000e+00 -1.578241e+01 1.187801e+01
-2.798081e+01 0.000000e+00 -1.578241e+01 -1.219840e+01
9.641153e+01 0.000000e+00 7.826736e+01 1.814417e+01
6.452855e+01 0.000000e+00 7.826736e+01 -1.373881e+01
9.056282e-02 0.000000e+00 7.343733e+01 -7.334677e+01
1.488515e+02 0.000000e+00 7.343733e+01 7.541415e+01
2.321817e+02 0.000000e+00 1.421032e+02 9.007848e+01
5.836215e+01 0.000000e+00 1.421032e+02 -8.374103e+01
1.711488e+02 0.000000e+00 1.339803e+02 3.716858e+01
9.609390e+01 0.000000e+00 1.339803e+02 -3.788637e+01
1.543348e+02 0.000000e+00 2.116902e+02 -5.735538e+01
2.787830e+02 0.000000e+00 2.116902e+02 6.709276e+01
7.427520e+01 0.000000e+00 4.073061e+01 3.354459e+01
-6.608782e-01 0.000000e+00 4.073061e+01 -4.139149e+01
5.544346e+01 0.000000e+00 3.013701e+01 2.530645e+01
-5.338932e+00 0.000000e+00 3.013701e+01 -3.547595e+01
1.733201e+02 0.000000e+00 1.584306e+02 1.488943e+01
1.472121e+02 0.000000e+00 1.584306e+02 -1.121854e+01
-3.569843e+01 0.000000e+00 -3.465156e+01 -1.046871e+00
-3.364429e+01 0.000000e+00 -3.465156e+01 1.007267e+00
-1.954089e+01 0.000000e+00 -4.978611e+01 3.024522e+01
-8.688748e+01 0.000000e+00 -4.978611e+01 -3.710138e+01
2.232796e+02 0.000000e+00 2.222691e+02 1.010468e+00
2.216400e+02 0.000000e+00 2.222691e+02 -6.291046e-01
4.206555e+01 0.000000e+00 2.581546e+01 1.625009e+01
9.271545e+00 0.000000e+00 2.581546e+01 -1.654391e+01
2.591117e+02 0.000000e+00 2.435774e+02 1.553424e+01
2.235180e+02 0.000000e+00 2.435774e+02 -2.005942e+01
1.069498e+02 0.000000e+00 6.273875e+01 4.421110e+01
2.701906e+01 0.000000e+00 6.273875e+01 -3.571969e+01
6.439777e+01 0.000000e+00 -1.049584e+01 7.489362e+01
-8.976704e+01 0.000000e+00 -1.049584e+01 -7.927120e+01
9.317954e+01 0.000000e+00 9.362167e+01 -4.421310e-01
9.414830e+01 0.000000e+00 9.362167e+01 5.266266e-01
-1.899753e+01 0.000000e+00 4.461283e+01 -6.361036e+01
1.288089e+02 0.000000e+00 4.461283e+01 8.419607e+01
-5.217440e+01 0.000000e+00 -3.168347e+01 -2.049093e+01
-1.025820e+01 0.000000e+00 -3.168347e+01 2.142527e+01
