1.157979e+02 0.000000e+00 3.060826e+01 8.518962e+01
-6.011560e+01 0.000000e+00 3.060826e+01 -9.072386e+01
1.146824e+02 0.000000e+00 1.298508e+02 -1.516833e+01
1.414369e+02 0.000000e+00 1.298508e+02 1.158614e+01
-5.689094e+01 0.000000e+00 7.415392e+00 -6.430633e+01
5.323912e+01 0.000000e+00 7.415392e+00 4.582373e+01
1.823310e+02 0.000000e+00 7.504768e+01 1.072833e+02
-4.683184e+01 0.000000e+00 7.504768e+01 -1.218795e+02
2.703231e+02 0.000000e+00 3.485910e+02 -7.826791e+01
4.219267e+02 0.000000e+00 3.485910e+02 7.333566e+01
5.486786e+02 5.211652e+02 5.211652e+02 5.486786e+02
4.955323e+02 5.211652e+02 5.211652e+02 4.955323e+02
1.533481e+02 0.000000e+00 1.603820e+02 -7.033813e+00
1.679271e+02 0.000000e+00 1.603820e+02 7.545181e+00
2.692171e+02 0.000000e+00 1.713227e+02 9.789441e+01
8.530798e+01 0.000000e+00 1.713227e+02 -8.601468e+01
2.815366e+02 0.000000e+00 2.167970e+02 6.473958e+01
1.391069e+02 0.000000e+00 2.167970e+02 -7.769012e+01
-3.653780e+01 0.000000e+00 2.547321e+01 -6.201101e+01
7.489825e+01 0.000000e+00 2.547321e+01 4.942504e+01
1.153677e+02 0.000000e+00 1.429738e+02 -2.760609e+01
1.635313e+02 0.000000e+00 1.429738e+02 2.055757e+01
2.287562e+02 0.000000e+00 1.799222e+02 4.883401e+01
1.290791e+02 0.000000e+00 1.799222e+02 -5.084315e+01
3.656838e+02 0.000000e+00 3.254272e+02 4.025659e+01
2.887366e+02 0.000000e+00 3.254272e+02 -3.669061e+01
2.375037e+02 0.000000e+00 2.570143e+02 -1.951051e+01
2.786929e+02 0.000000e+00 2.570143e+02 2.167862e+01
4.897401e+02 0.000000e+00 4.913825e+02 -1.642395e+00
4.934279e+02 0.000000e+00 4.913825e+02 2.045410e+00
2.156411e+02 0.000000e+00 2.102321e+02 5.408936e+00
2.042343e+02 0.000000e+00 2.102321e+02 -5.997894e+00
4.672226e+02 0.000000e+00 2.781583e+02 1.890643e+02
1.434563e+02 0.000000e+00 2.781583e+02 -1.347020e+02
-1.800380e+02 0.000000e+00 -8.702988e+01 -9.300815e+01
-5.272934e+00 0.000000e+00 -8.702988e+01 8.175694e+01
3.511158e+02 0.000000e+00 2.596734e+02 9.144235e+01
2.207129e+02 0.000000e+00 2.596734e+02 -3.896054e+01
2.551460e+02 0.000000e+00 1.888284e+02 6.631757e+01
1.201761e+02 0.000000e+00 1.888284e+02 -6.865231e+01
2.290871e+02 0.000000e+00 2.714071e+02 -4.231999e+01
3.279520e+02 0.000000e+00 2.714071e+02 5.654489e+01
5.895143e+01 0.000000e+00 1.662797e+01 4.232346e+01
-1.862563e+01 0.000000e+00 1.662797e+01 -3.525360e+01
-7.980954e+01 0.000000e+00 -7.637850e+01 -3.431038e+00
-7.205932e+01 0.000000e+00 -7.637850e+01 4.319183e+00
2.103939e+02 0.000000e+00 1.109723e+02 9.942156e+01
7.299232e+00 0.000000e+00 1.109723e+02 -1.036731e+02
1.406126e+02 0.000000e+00 1.463957e+02 -5.783127e+00
1.527232e+02 0.000000e+00 1.463957e+02 6.327454e+00
8.022839e+01 0.000000e+00 1.014939e+02 -2.126551e+01
1.262817e+02 0.000000e+00 1.014939e+02 2.478779e+01
