1.151735e+02 0.000000e+00 7.061334e+01 4.456012e+01
2.769626e+01 0.000000e+00 7.061334e+01 -4.291707e+01
1.628271e+02 0.000000e+00 1.417323e+02 2.109477e+01
1.213198e+02 0.000000e+00 1.417323e+02 -2.041247e+01
4.468003e+01 0.000000e+00 1.341406e+01 3.126596e+01
-1.736387e+01 0.000000e+00 1.341406e+01 -3.077793e+01
2.581134e+02 0.000000e+00 2.099212e+02 4.819213e+01
1.511168e+02 0.000000e+00 2.099212e+02 -5.880440e+01
1.665398e+02 0.000000e+00 2.001328e+02 -3.359302e+01
2.371491e+02 0.000000e+00 2.001328e+02 3.701628e+01
2.951630e+02 2.596638e+02 2.596638e+02 2.951630e+02
2.221811e+02 2.596638e+02 2.596638e+02 2.221811e+02
1.072030e+02 0.000000e+00 9.997529e+01 7.227716e+00
9.150892e+01 0.000000e+00 9.997529e+01 -8.466368e+00
1.379727e+02 0.000000e+00 1.010482e+02 3.692449e+01
6.042598e+01 0.000000e+00 1.010482e+02 -4.062219e+01
1.514930e+02 0.000000e+00 1.460332e+02 5.459782e+00
1.404476e+02 0.000000e+00 1.460332e+02 -5.585583e+00
6.051007e+01 0.000000e+00 1.051004e+02 -4.459030e+01
1.392945e+02 0.000000e+00 1.051004e+02 3.419413e+01
1.699906e+02 0.000000e+00 1.301519e+02 3.983875e+01
9.600638e+01 0.000000e+00 1.301519e+02 -3.414548e+01
2.348693e+02 0.000000e+00 2.226253e+02 1.224393e+01
2.068055e+02 0.000000e+00 2.226253e+02 -1.581984e+01
1.469772e+02 0.000000e+00 1.434890e+02 3.488171e+00
1.401352e+02 0.000000e+00 1.434890e+02 -3.353804e+00
1.626446e+02 0.000000e+00 1.631481e+02 -5.034991e-01
1.641405e+02 0.000000e+00 1.631481e+02 9.924364e-01
3.145935e+02 0.000000e+00 3.004875e+02 1.410603e+01
2.853832e+02 0.000000e+00 3.004875e+02 -1.510434e+01
1.028746e+02 0.000000e+00 1.024045e+02 4.701086e-01
1.025490e+02 0.000000e+00 1.024045e+02 1.444519e-01
2.117910e+02 0.000000e+00 1.741440e+02 3.764701e+01
1.433457e+02 0.000000e+00 1.741440e+02 -3.079828e+01
8.633784e+01 0.000000e+00 7.947555e+01 6.862288e+00
7.097138e+01 0.000000e+00 7.947555e+01 -8.504166e+00
2.038281e+02 0.000000e+00 1.806062e+02 2.322190e+01
1.653748e+02 0.000000e+00 1.806062e+02 -1.523140e+01
1.423505e+02 0.000000e+00 1.086667e+02 3.368377e+01
7.035764e+01 0.000000e+00 1.086667e+02 -3.830906e+01
1.895157e+02 0.000000e+00 1.970682e+02 -7.552523e+00
2.054609e+02 0.000000e+00 1.970682e+02 8.392741e+00
1.661651e+02 0.000000e+00 1.061732e+02 5.999189e+01
5.486346e+01 0.000000e+00 1.061732e+02 -5.130971e+01
6.675323e+01 0.000000e+00 7.451270e+01 -7.759476e+00
8.184760e+01 0.000000e+00 7.451270e+01 7.334899e+00
1.516575e+02 0.000000e+00 1.392657e+02 1.239179e+01
1.261454e+02 0.000000e+00 1.392657e+02 -1.312033e+01
6.545517e+01 0.000000e+00 7.898130e+01 -1.352613e+01
9.549499e+01 0.000000e+00 7.898130e+01 1.651369e+01
1.136576e+02 0.000000e+00 9.616469e+01 1.749286e+01
7.929854e+01 0.000000e+00 9.616469e+01 -1.686615e+01
