1.170088e+02 0.000000e+00 2.909413e+01 8.791468e+01
-6.874181e+01 0.000000e+00 2.909413e+01 -9.783595e+01
1.983908e+02 0.000000e+00 1.465204e+02 5.187044e+01
1.031375e+02 0.000000e+00 1.465204e+02 -4.338290e+01
-5.105606e+00 0.000000e+00 -3.170809e+01 2.660248e+01
-5.499131e+01 0.000000e+00 -3.170809e+01 -2.328323e+01
9.131470e+01 0.000000e+00 4.316545e+01 4.814924e+01
-1.849883e+01 0.000000e+00 4.316545e+01 -6.166429e+01
2.756849e+02 0.000000e+00 2.451208e+02 3.056410e+01
2.041234e+02 0.000000e+00 2.451208e+02 -4.099741e+01
1.937685e+02 0.000000e+00 1.202886e+02 7.347996e+01
6.520478e+01 0.000000e+00 1.202886e+02 -5.508380e+01
9.744833e+01 0.000000e+00 5.728755e+01 4.016078e+01
1.655631e+01 0.000000e+00 5.728755e+01 -4.073124e+01
1.716907e+02 0.000000e+00 2.009839e+02 -2.929317e+01
2.235580e+02 0.000000e+00 2.009839e+02 2.257410e+01
5.078829e+02 4.858137e+02 4.858137e+02 5.078829e+02
4.635656e+02 4.858137e+02 4.858137e+02 4.635656e+02
-7.308054e+01 0.000000e+00 3.573396e+01 -1.088145e+02
1.414082e+02 0.000000e+00 3.573396e+01 1.056743e+02
2.474235e+02 0.000000e+00 2.106318e+02 3.679172e+01
1.749505e+02 0.000000e+00 2.106318e+02 -3.568132e+01
2.869349e+02 0.000000e+00 2.952188e+02 -8.283966e+00
3.060302e+02 0.000000e+00 2.952188e+02 1.081134e+01
1.944888e+02 0.000000e+00 1.816053e+02 1.288351e+01
1.704279e+02 0.000000e+00 1.816053e+02 -1.117743e+01
1.910274e+02 0.000000e+00 1.771838e+02 1.384355e+01
1.608077e+02 0.000000e+00 1.771838e+02 -1.637610e+01
3.777476e+02 0.000000e+00 3.646655e+02 1.308209e+01
3.483948e+02 0.000000e+00 3.646655e+02 -1.627069e+01
1.860252e+02 0.000000e+00 1.227590e+02 6.326619e+01
7.241667e+01 0.000000e+00 1.227590e+02 -5.034233e+01
2.512511e+02 0.000000e+00 2.254132e+02 2.583789e+01
2.044126e+02 0.000000e+00 2.254132e+02 -2.100063e+01
2.093800e+02 0.000000e+00 1.543355e+02 5.504451e+01
9.807767e+01 0.000000e+00 1.543355e+02 -5.625783e+01
9.662587e+01 0.000000e+00 8.452600e+01 1.209987e+01
7.616951e+01 0.000000e+00 8.452600e+01 -8.356491e+00
2.173203e+02 0.000000e+00 1.319194e+02 8.540091e+01
3.749784e+01 0.000000e+00 1.319194e+02 -9.442151e+01
1.833473e+02 0.000000e+00 1.357386e+02 4.760870e+01
8.407935e+01 0.000000e+00 1.357386e+02 -5.165925e+01
3.120650e+02 0.000000e+00 2.461864e+02 6.587859e+01
1.875869e+02 0.000000e+00 2.461864e+02 -5.859952e+01
1.486178e+02 0.000000e+00 1.732773e+02 -2.465958e+01
2.072999e+02 0.000000e+00 1.732773e+02 3.402252e+01
3.714848e+02 0.000000e+00 3.342903e+02 3.719458e+01
2.825339e+02 0.000000e+00 3.342903e+02 -5.175632e+01
-2.996461e+01 0.000000e+00 1.221703e+01 -4.218164e+01
5.591461e+01 0.000000e+00 1.221703e+01 4.369759e+01
-4.633659e+01 0.000000e+00 1.607985e+01 -6.241644e+01
1.050125e+02 0.000000e+00 1.607985e+01 8.893263e+01
