9.141865e+01 0.000000e+00 5.258160e+01 3.883705e+01
1.422917e+01 0.000000e+00 5.258160e+01 -3.835243e+01
1.626621e+02 0.000000e+00 1.403690e+02 2.229313e+01
1.189170e+02 0.000000e+00 1.403690e+02 -2.145199e+01
3.840223e+01 0.000000e+00 -4.351513e+00 4.275374e+01
-4.488158e+01 0.000000e+00 -4.351513e+00 -4.053006e+01
2.327604e+02 0.000000e+00 1.826868e+02 5.007360e+01
1.229219e+02 0.000000e+00 1.826868e+02 -5.976494e+01
1.470415e+02 0.000000e+00 1.937816e+02 -4.674010e+01
2.472697e+02 0.000000e+00 1.937816e+02 5.348811e+01
1.598605e+02 0.000000e+00 1.235910e+02 3.626945e+01
8.741787e+01 0.000000e+00 1.235910e+02 -3.617315e+01
8.921302e+01 0.000000e+00 8.707863e+01 2.134387e+00
8.411359e+01 0.000000e+00 8.707863e+01 -2.965046e+00
1.258837e+02 0.000000e+00 9.048221e+01 3.540150e+01
5.034136e+01 0.000000e+00 9.048221e+01 -4.014086e+01
1.522550e+02 0.000000e+00 1.438126e+02 8.442363e+00
1.345888e+02 0.000000e+00 1.438126e+02 -9.223881e+00
7.110358e+01 0.000000e+00 1.210256e+02 -4.992200e+01
1.585172e+02 0.000000e+00 1.210256e+02 3.749164e+01
1.815127e+02 0.000000e+00 1.349875e+02 4.652521e+01
9.699426e+01 0.000000e+00 1.349875e+02 -3.799326e+01
2.518025e+02 0.000000e+00 2.477647e+02 4.037835e+00
2.410911e+02 0.000000e+00 2.477647e+02 -6.673638e+00
1.413273e+02 0.000000e+00 1.467078e+02 -5.380511e+00
1.520513e+02 0.000000e+00 1.467078e+02 5.343555e+00
1.322850e+02 0.000000e+00 1.374803e+02 -5.195263e+00
1.426840e+02 0.000000e+00 1.374803e+02 5.203764e+00
3.057004e+02 0.000000e+00 2.943734e+02 1.132695e+01
2.829299e+02 0.000000e+00 2.943734e+02 -1.144359e+01
1.017403e+02 0.000000e+00 1.127995e+02 -1.105921e+01
1.219218e+02 0.000000e+00 1.127995e+02 9.122284e+00
1.855125e+02 0.000000e+00 1.618280e+02 2.368454e+01
1.413470e+02 0.000000e+00 1.618280e+02 -2.048095e+01
1.280905e+02 0.000000e+00 1.057507e+02 2.233973e+01
8.193210e+01 0.000000e+00 1.057507e+02 -2.381862e+01
1.572943e+02 0.000000e+00 1.671300e+02 -9.835767e+00
1.633335e+02 0.000000e+00 1.671300e+02 -3.796517e+00
1.506082e+02 0.000000e+00 1.160892e+02 3.451906e+01
7.735895e+01 0.000000e+00 1.160892e+02 -3.873022e+01
2.115878e+02 0.000000e+00 2.125798e+02 -9.919734e-01
2.133173e+02 0.000000e+00 2.125798e+02 7.374921e-01
1.788166e+02 0.000000e+00 1.156872e+02 6.312936e+01
5.808695e+01 0.000000e+00 1.156872e+02 -5.760028e+01
6.441798e+01 0.000000e+00 7.317386e+01 -8.755882e+00
8.166967e+01 0.000000e+00 7.317386e+01 8.495802e+00
2.748561e+02 2.634273e+02 2.634273e+02 2.748561e+02
2.483937e+02 2.634273e+02 2.634273e+02 2.483937e+02
6.093496e+01 0.000000e+00 8.395406e+01 -2.301910e+01
1.137866e+02 0.000000e+00 8.395406e+01 2.983259e+01
1.105422e+02 0.000000e+00 8.909932e+01 2.144286e+01
6.708106e+01 0.000000e+00 8.909932e+01 -2.201826e+01
