5.879350e+01 0.000000e+00 1.979196e+01 3.900154e+01
-1.656479e+01 0.000000e+00 1.979196e+01 -3.635675e+01
1.282579e+02 0.000000e+00 1.053444e+02 2.291349e+01
8.342377e+01 0.000000e+00 1.053444e+02 -2.192065e+01
8.528074e+00 0.000000e+00 -3.512674e+01 4.365481e+01
-7.524975e+01 0.000000e+00 -3.512674e+01 -4.012301e+01
1.611744e+02 0.000000e+00 1.246680e+02 3.650648e+01
8.304173e+01 0.000000e+00 1.246680e+02 -4.162623e+01
7.839369e+01 0.000000e+00 1.365619e+02 -5.816824e+01
2.036553e+02 0.000000e+00 1.365619e+02 6.709333e+01
7.456850e+01 0.000000e+00 4.673636e+01 2.783214e+01
1.721754e+01 0.000000e+00 4.673636e+01 -2.951882e+01
5.106124e+01 0.000000e+00 5.688468e+01 -5.823436e+00
6.243514e+01 0.000000e+00 5.688468e+01 5.550462e+00
8.548841e+01 0.000000e+00 5.251782e+01 3.297059e+01
1.636825e+01 0.000000e+00 5.251782e+01 -3.614957e+01
9.699974e+01 0.000000e+00 9.488876e+01 2.110983e+00
9.290432e+01 0.000000e+00 9.488876e+01 -1.984443e+00
3.490956e+01 0.000000e+00 7.984610e+01 -4.493654e+01
1.156054e+02 0.000000e+00 7.984610e+01 3.575929e+01
1.333607e+02 0.000000e+00 9.596552e+01 3.739518e+01
6.471249e+01 0.000000e+00 9.596552e+01 -3.125303e+01
1.450990e+02 0.000000e+00 1.388235e+02 6.275475e+00
1.317796e+02 0.000000e+00 1.388235e+02 -7.043876e+00
9.671378e+01 0.000000e+00 1.019482e+02 -5.234447e+00
1.071191e+02 0.000000e+00 1.019482e+02 5.170891e+00
4.907741e+01 0.000000e+00 5.023611e+01 -1.158702e+00
5.191264e+01 0.000000e+00 5.023611e+01 1.676528e+00
3.199364e+02 3.169291e+02 3.169291e+02 3.199364e+02
3.138313e+02 3.169291e+02 3.169291e+02 3.138313e+02
6.045577e+01 0.000000e+00 6.645031e+01 -5.994534e+00
7.121206e+01 0.000000e+00 6.645031e+01 4.761752e+00
1.342536e+02 0.000000e+00 1.116872e+02 2.256646e+01
9.458498e+01 0.000000e+00 1.116872e+02 -1.710218e+01
4.250696e+01 0.000000e+00 4.216165e+01 3.453179e-01
4.032290e+01 0.000000e+00 4.216165e+01 -1.838748e+00
1.773630e+02 0.000000e+00 1.417689e+02 3.559405e+01
1.231801e+02 0.000000e+00 1.417689e+02 -1.858884e+01
1.076768e+02 0.000000e+00 8.192842e+01 2.574840e+01
5.230213e+01 0.000000e+00 8.192842e+01 -2.962629e+01
1.777313e+02 0.000000e+00 1.655605e+02 1.217083e+01
1.537950e+02 0.000000e+00 1.655605e+02 -1.176547e+01
1.113351e+02 0.000000e+00 5.088154e+01 6.045361e+01
-6.240238e+00 0.000000e+00 5.088154e+01 -5.712178e+01
1.734866e+01 0.000000e+00 2.940411e+01 -1.205545e+01
4.202357e+01 0.000000e+00 2.940411e+01 1.261946e+01
6.906687e+01 0.000000e+00 7.614523e+01 -7.078359e+00
8.356990e+01 0.000000e+00 7.614523e+01 7.424663e+00
1.673603e+01 0.000000e+00 3.396676e+01 -1.723073e+01
5.545810e+01 0.000000e+00 3.396676e+01 2.149135e+01
8.546372e+01 0.000000e+00 5.451976e+01 3.094396e+01
2.209195e+01 0.000000e+00 5.451976e+01 -3.242781e+01
