2.566963e+02 0.000000e+00 1.335504e+02 1.231458e+02
3.066632e+01 0.000000e+00 1.335504e+02 -1.028841e+02
1.773359e+02 0.000000e+00 1.080620e+02 6.927391e+01
5.535138e+01 0.000000e+00 1.080620e+02 -5.271061e+01
2.665839e+01 0.000000e+00 -8.433344e+00 3.509174e+01
-3.771375e+01 0.000000e+00 -8.433344e+00 -2.928040e+01
2.697889e+02 0.000000e+00 2.186025e+02 5.118639e+01
1.447916e+02 0.000000e+00 2.186025e+02 -7.381093e+01
2.303074e+02 0.000000e+00 2.875366e+02 -5.722913e+01
3.495038e+02 0.000000e+00 2.875366e+02 6.196722e+01
1.629117e+02 0.000000e+00 1.645573e+02 -1.645599e+00
1.664616e+02 0.000000e+00 1.645573e+02 1.904251e+00
1.181837e+02 0.000000e+00 1.044212e+02 1.376254e+01
8.769762e+01 0.000000e+00 1.044212e+02 -1.672356e+01
2.377508e+02 0.000000e+00 1.898518e+02 4.789906e+01
1.349583e+02 0.000000e+00 1.898518e+02 -5.489345e+01
1.454100e+02 0.000000e+00 1.632795e+02 -1.786948e+01
1.802796e+02 0.000000e+00 1.632795e+02 1.700005e+01
9.008176e+01 0.000000e+00 1.471171e+02 -5.703537e+01
1.811942e+02 0.000000e+00 1.471171e+02 3.407709e+01
3.727466e+02 0.000000e+00 3.048691e+02 6.787750e+01
2.407088e+02 0.000000e+00 3.048691e+02 -6.416032e+01
3.199240e+02 0.000000e+00 3.207477e+02 -8.237000e-01
3.216908e+02 0.000000e+00 3.207477e+02 9.430847e-01
4.942668e+02 0.000000e+00 5.250945e+02 -3.082776e+01
5.659346e+02 0.000000e+00 5.250945e+02 4.084003e+01
1.602415e+02 0.000000e+00 1.868418e+02 -2.660028e+01
2.157169e+02 0.000000e+00 1.868418e+02 2.887518e+01
6.226395e+02 0.000000e+00 6.089135e+02 1.372601e+01
5.933357e+02 0.000000e+00 6.089135e+02 -1.557782e+01
3.315638e+02 0.000000e+00 3.110738e+02 2.048999e+01
2.918985e+02 0.000000e+00 3.110738e+02 -1.917526e+01
3.942411e+02 0.000000e+00 3.436435e+02 5.059763e+01
2.942705e+02 0.000000e+00 3.436435e+02 -4.937305e+01
2.628605e+02 0.000000e+00 2.868536e+02 -2.399307e+01
3.137303e+02 0.000000e+00 2.868536e+02 2.687674e+01
3.259522e+02 0.000000e+00 3.307691e+02 -4.816925e+00
3.335194e+02 0.000000e+00 3.307691e+02 2.750244e+00
1.818678e+02 0.000000e+00 1.273584e+02 5.450940e+01
6.913710e+01 0.000000e+00 1.273584e+02 -5.822130e+01
1.274862e+02 0.000000e+00 1.833840e+02 -5.589781e+01
2.341563e+02 0.000000e+00 1.833840e+02 5.077231e+01
2.000657e+02 0.000000e+00 2.175547e+02 -1.748898e+01
2.352639e+02 0.000000e+00 2.175547e+02 1.770926e+01
7.816955e+01 0.000000e+00 8.232974e+01 -4.160194e+00
8.834122e+01 0.000000e+00 8.232974e+01 6.011475e+00
1.511407e+02 0.000000e+00 1.356235e+02 1.551721e+01
1.207227e+02 0.000000e+00 1.356235e+02 -1.490079e+01
3.594555e+02 4.689129e+02 4.689129e+02 3.594555e+02
5.595327e+02 4.689129e+02 4.689129e+02 5.595327e+02
1.646413e+02 0.000000e+00 1.610359e+02 3.605469e+00
1.578196e+02 0.000000e+00 1.610359e+02 -3.216278e+00
