7.579443e+01 0.000000e+00 4.146979e+01 3.432464e+01
9.729463e+00 0.000000e+00 4.146979e+01 -3.174032e+01
1.520280e+02 0.000000e+00 1.307087e+02 2.131937e+01
1.111239e+02 0.000000e+00 1.307087e+02 -1.958476e+01
3.474498e+01 0.000000e+00 -1.638453e+01 5.112951e+01
-6.335761e+01 0.000000e+00 -1.638453e+01 -4.697309e+01
3.425463e+02 2.890649e+02 2.890649e+02 3.425463e+02
2.255803e+02 2.890649e+02 2.890649e+02 2.255803e+02
9.913697e+01 0.000000e+00 1.607640e+02 -6.162702e+01
2.290168e+02 0.000000e+00 1.607640e+02 6.825281e+01
9.800969e+01 0.000000e+00 7.983904e+01 1.817065e+01
6.018924e+01 0.000000e+00 7.983904e+01 -1.964979e+01
6.847803e+01 0.000000e+00 6.374716e+01 4.730872e+00
5.824075e+01 0.000000e+00 6.374716e+01 -5.506407e+00
1.062884e+02 0.000000e+00 7.183044e+01 3.445797e+01
3.397468e+01 0.000000e+00 7.183044e+01 -3.785576e+01
1.100824e+02 0.000000e+00 1.144972e+02 -4.414774e+00
1.182490e+02 0.000000e+00 1.144972e+02 3.751841e+00
5.500746e+01 0.000000e+00 8.922026e+01 -3.421279e+01
1.146384e+02 0.000000e+00 8.922026e+01 2.541812e+01
1.492454e+02 0.000000e+00 1.060045e+02 4.324095e+01
6.928260e+01 0.000000e+00 1.060045e+02 -3.672190e+01
2.026345e+02 0.000000e+00 1.896934e+02 1.294103e+01
1.740740e+02 0.000000e+00 1.896934e+02 -1.561944e+01
1.130345e+02 0.000000e+00 1.175106e+02 -4.476083e+00
1.225173e+02 0.000000e+00 1.175106e+02 5.006685e+00
9.821238e+01 0.000000e+00 9.404951e+01 4.162866e+00
9.006893e+01 0.000000e+00 9.404951e+01 -3.980577e+00
2.414079e+02 0.000000e+00 2.367530e+02 4.654881e+00
2.320495e+02 0.000000e+00 2.367530e+02 -4.703486e+00
7.572783e+01 0.000000e+00 8.369825e+01 -7.970417e+00
9.018392e+01 0.000000e+00 8.369825e+01 6.485672e+00
1.531254e+02 0.000000e+00 1.356211e+02 1.750437e+01
1.234194e+02 0.000000e+00 1.356211e+02 -1.220163e+01
7.809276e+01 0.000000e+00 6.627435e+01 1.181841e+01
5.446495e+01 0.000000e+00 6.627435e+01 -1.180940e+01
1.926567e+02 0.000000e+00 1.565932e+02 3.606349e+01
1.380101e+02 0.000000e+00 1.565932e+02 -1.858309e+01
1.290688e+02 0.000000e+00 9.872984e+01 3.033898e+01
6.444358e+01 0.000000e+00 9.872984e+01 -3.428626e+01
1.630697e+02 0.000000e+00 1.513555e+02 1.171418e+01
1.397303e+02 0.000000e+00 1.513555e+02 -1.162522e+01
1.330565e+02 0.000000e+00 7.513416e+01 5.792237e+01
2.269186e+01 0.000000e+00 7.513416e+01 -5.244230e+01
4.032321e+01 0.000000e+00 5.181218e+01 -1.148896e+01
6.409620e+01 0.000000e+00 5.181218e+01 1.228402e+01
8.991057e+01 0.000000e+00 9.378337e+01 -3.872793e+00
9.698306e+01 0.000000e+00 9.378337e+01 3.199695e+00
4.165799e+01 0.000000e+00 5.245055e+01 -1.079256e+01
6.570004e+01 0.000000e+00 5.245055e+01 1.324949e+01
1.044298e+02 0.000000e+00 7.570891e+01 2.872089e+01
4.656529e+01 0.000000e+00 7.570891e+01 -2.914362e+01
