-6.311833e+01 0.000000e+00 -1.031265e+02 4.000819e+01
-1.389463e+02 0.000000e+00 -1.031265e+02 -3.581976e+01
1.748190e+02 0.000000e+00 1.450047e+02 2.981438e+01
1.185435e+02 0.000000e+00 1.450047e+02 -2.646116e+01
-5.144679e+01 0.000000e+00 -2.486454e+01 -2.658225e+01
1.382315e+00 0.000000e+00 -2.486454e+01 2.624686e+01
2.416530e+02 0.000000e+00 1.997217e+02 4.193126e+01
1.475860e+02 0.000000e+00 1.997217e+02 -5.213571e+01
-3.101463e+00 0.000000e+00 4.116089e+01 -4.426235e+01
1.072426e+02 0.000000e+00 4.116089e+01 6.608173e+01
-1.797077e+02 0.000000e+00 -1.604625e+02 -1.924529e+01
-1.427437e+02 0.000000e+00 -1.604625e+02 1.771878e+01
-7.891296e+00 0.000000e+00 4.230668e+00 -1.212196e+01
1.586295e+01 0.000000e+00 4.230668e+00 1.163228e+01
4.915228e+02 4.655371e+02 4.655371e+02 4.915228e+02
4.346491e+02 4.655371e+02 4.655371e+02 4.346491e+02
1.613398e+02 0.000000e+00 1.537473e+02 7.592453e+00
1.465681e+02 0.000000e+00 1.537473e+02 -7.179260e+00
3.219112e+00 0.000000e+00 6.894463e+01 -6.572551e+01
1.337407e+02 0.000000e+00 6.894463e+01 6.479605e+01
1.375016e+02 0.000000e+00 1.416732e+02 -4.171539e+00
1.456490e+02 0.000000e+00 1.416732e+02 3.975830e+00
3.616847e+01 0.000000e+00 4.720392e+01 -1.103545e+01
6.236486e+01 0.000000e+00 4.720392e+01 1.516094e+01
1.813791e+02 0.000000e+00 2.074956e+02 -2.611655e+01
2.326699e+02 0.000000e+00 2.074956e+02 2.517432e+01
6.847644e+01 0.000000e+00 6.949913e+01 -1.022690e+00
7.063796e+01 0.000000e+00 6.949913e+01 1.138832e+00
9.585144e+01 0.000000e+00 9.720688e+01 -1.355438e+00
9.866940e+01 0.000000e+00 9.720688e+01 1.462517e+00
-2.205799e+01 0.000000e+00 5.912008e+00 -2.797000e+01
3.307214e+01 0.000000e+00 5.912008e+00 2.716013e+01
1.934329e+02 0.000000e+00 1.414923e+02 5.194063e+01
8.941724e+01 0.000000e+00 1.414923e+02 -5.207503e+01
-1.030479e+02 0.000000e+00 -1.347691e+02 3.172121e+01
-1.706550e+02 0.000000e+00 -1.347691e+02 -3.588594e+01
3.823902e+02 0.000000e+00 1.933241e+02 1.890661e+02
1.186370e+02 0.000000e+00 1.933241e+02 -7.468713e+01
8.513000e+01 0.000000e+00 1.186381e+02 -3.350809e+01
1.566187e+02 0.000000e+00 1.186381e+02 3.798061e+01
3.534899e+01 0.000000e+00 6.325666e+01 -2.790768e+01
9.576457e+01 0.000000e+00 6.325666e+01 3.250791e+01
8.334361e+01 0.000000e+00 -1.710925e+02 2.544361e+02
-3.862029e+02 0.000000e+00 -1.710925e+02 -2.151104e+02
6.316977e+01 0.000000e+00 4.826046e+01 1.490931e+01
3.275578e+01 0.000000e+00 4.826046e+01 -1.550468e+01
-1.374158e+02 0.000000e+00 -6.527814e+01 -7.213763e+01
1.983692e+01 0.000000e+00 -6.527814e+01 8.511505e+01
-1.405146e+01 0.000000e+00 3.184369e+00 -1.723583e+01
2.485969e+01 0.000000e+00 3.184369e+00 2.167532e+01
-8.961579e+01 0.000000e+00 -9.515624e+01 5.540451e+00
-9.987970e+01 0.000000e+00 -9.515624e+01 -4.723457e+00
