8.421917e+01 0.000000e+00 4.433215e+01 3.988702e+01
5.799738e+00 0.000000e+00 4.433215e+01 -3.853241e+01
2.584431e+02 2.379708e+02 2.379708e+02 2.584431e+02
2.189762e+02 2.379708e+02 2.379708e+02 2.189762e+02
3.756783e+01 0.000000e+00 -9.928451e+00 4.749628e+01
-5.203524e+01 0.000000e+00 -9.928451e+00 -4.210679e+01
2.039552e+02 0.000000e+00 1.528800e+02 5.107516e+01
9.566319e+01 0.000000e+00 1.528800e+02 -5.721680e+01
1.167388e+02 0.000000e+00 1.862392e+02 -6.950035e+01
2.671249e+02 0.000000e+00 1.862392e+02 8.088569e+01
9.349921e+01 0.000000e+00 6.786624e+01 2.563297e+01
4.012152e+01 0.000000e+00 6.786624e+01 -2.774472e+01
6.165656e+01 0.000000e+00 6.341576e+01 -1.759203e+00
6.528439e+01 0.000000e+00 6.341576e+01 1.868634e+00
1.127343e+02 0.000000e+00 7.986844e+01 3.286583e+01
4.478736e+01 0.000000e+00 7.986844e+01 -3.508109e+01
1.211697e+02 0.000000e+00 1.181170e+02 3.052673e+00
1.143379e+02 0.000000e+00 1.181170e+02 -3.779126e+00
6.115154e+01 0.000000e+00 9.553359e+01 -3.438206e+01
1.224513e+02 0.000000e+00 9.553359e+01 2.691773e+01
1.762194e+02 0.000000e+00 1.300053e+02 4.621411e+01
9.107510e+01 0.000000e+00 1.300053e+02 -3.893020e+01
1.969142e+02 0.000000e+00 1.891080e+02 7.806174e+00
1.805031e+02 0.000000e+00 1.891080e+02 -8.604908e+00
1.290832e+02 0.000000e+00 1.309314e+02 -1.848127e+00
1.327499e+02 0.000000e+00 1.309314e+02 1.818557e+00
9.263985e+01 0.000000e+00 9.015974e+01 2.480108e+00
8.806996e+01 0.000000e+00 9.015974e+01 -2.089781e+00
2.400888e+02 0.000000e+00 2.308606e+02 9.228297e+00
2.211179e+02 0.000000e+00 2.308606e+02 -9.742604e+00
8.189151e+01 0.000000e+00 8.729752e+01 -5.406010e+00
9.180581e+01 0.000000e+00 8.729752e+01 4.508295e+00
1.819339e+02 0.000000e+00 1.589624e+02 2.297155e+01
1.415788e+02 0.000000e+00 1.589624e+02 -1.738352e+01
7.756401e+01 0.000000e+00 6.588216e+01 1.168185e+01
5.331135e+01 0.000000e+00 6.588216e+01 -1.257080e+01
2.400589e+02 0.000000e+00 1.768100e+02 6.324898e+01
1.508239e+02 0.000000e+00 1.768100e+02 -2.598611e+01
1.379464e+02 0.000000e+00 1.129881e+02 2.495831e+01
8.537981e+01 0.000000e+00 1.129881e+02 -2.760828e+01
1.677768e+02 0.000000e+00 1.601454e+02 7.631336e+00
1.521595e+02 0.000000e+00 1.601454e+02 -7.985967e+00
1.414697e+02 0.000000e+00 8.174155e+01 5.972811e+01
2.832783e+01 0.000000e+00 8.174155e+01 -5.341372e+01
3.410738e+01 0.000000e+00 4.332357e+01 -9.216195e+00
5.401320e+01 0.000000e+00 4.332357e+01 1.068963e+01
7.993340e+01 0.000000e+00 9.362944e+01 -1.369604e+01
1.085198e+02 0.000000e+00 9.362944e+01 1.489031e+01
3.588194e+01 0.000000e+00 5.492139e+01 -1.903945e+01
7.984401e+01 0.000000e+00 5.492139e+01 2.492262e+01
9.086371e+01 0.000000e+00 6.219021e+01 2.867350e+01
3.198340e+01 0.000000e+00 6.219021e+01 -3.020681e+01
