1.418059e+02 0.000000e+00 1.848737e+01 1.233185e+02
-9.666489e+01 0.000000e+00 1.848737e+01 -1.151523e+02
1.023984e+02 0.000000e+00 4.636934e+01 5.602903e+01
-7.675034e+00 0.000000e+00 4.636934e+01 -5.404438e+01
6.024932e+01 0.000000e+00 4.750071e+01 1.274861e+01
3.905779e+01 0.000000e+00 4.750071e+01 -8.442924e+00
2.203141e+02 0.000000e+00 1.298485e+02 9.046561e+01
4.995249e+01 0.000000e+00 1.298485e+02 -7.989602e+01
8.877010e+01 0.000000e+00 2.099676e+02 -1.211975e+02
3.303047e+02 0.000000e+00 2.099676e+02 1.203371e+02
1.130197e+02 0.000000e+00 8.983048e+01 2.318922e+01
6.624985e+01 0.000000e+00 8.983048e+01 -2.358064e+01
-4.230827e+01 0.000000e+00 -5.537769e+01 1.306942e+01
-6.748959e+01 0.000000e+00 -5.537769e+01 -1.211190e+01
8.226123e+01 0.000000e+00 8.703613e+01 -4.774895e+00
9.193948e+01 0.000000e+00 8.703613e+01 4.903358e+00
1.359536e+02 0.000000e+00 1.163427e+02 1.961093e+01
9.857399e+01 0.000000e+00 1.163427e+02 -1.776866e+01
9.363206e+01 0.000000e+00 1.074063e+02 -1.377427e+01
1.219226e+02 0.000000e+00 1.074063e+02 1.451622e+01
1.710407e+02 0.000000e+00 8.471386e+01 8.632684e+01
2.714292e+01 0.000000e+00 8.471386e+01 -5.757094e+01
1.082248e+02 0.000000e+00 2.964105e+01 7.858373e+01
-5.726503e+01 0.000000e+00 2.964105e+01 -8.690608e+01
2.125133e+02 0.000000e+00 1.833167e+02 2.919658e+01
1.487472e+02 0.000000e+00 1.833167e+02 -3.456950e+01
8.719892e+01 0.000000e+00 7.555222e+01 1.164671e+01
6.304581e+01 0.000000e+00 7.555222e+01 -1.250641e+01
9.855674e+01 0.000000e+00 8.041742e+01 1.813932e+01
6.272326e+01 0.000000e+00 8.041742e+01 -1.769416e+01
1.348312e+02 0.000000e+00 7.771587e+01 5.711536e+01
2.759430e+01 0.000000e+00 7.771587e+01 -5.012157e+01
1.516077e+02 0.000000e+00 1.969956e+02 -4.538791e+01
2.357078e+02 0.000000e+00 1.969956e+02 3.871220e+01
-9.676528e+01 0.000000e+00 -4.604316e+01 -5.072212e+01
9.696718e+00 0.000000e+00 -4.604316e+01 5.573988e+01
2.746213e+02 0.000000e+00 2.145050e+02 6.011636e+01
1.856913e+02 0.000000e+00 2.145050e+02 -2.881366e+01
8.688292e+02 7.450245e+02 7.450245e+02 8.688292e+02
5.995229e+02 7.450245e+02 7.450245e+02 5.995229e+02
1.329469e+02 0.000000e+00 1.581991e+02 -2.525223e+01
1.823822e+02 0.000000e+00 1.581991e+02 2.418309e+01
2.134526e+02 0.000000e+00 1.106276e+02 1.028250e+02
3.347607e+01 0.000000e+00 1.106276e+02 -7.715152e+01
5.789767e+01 0.000000e+00 4.082481e+01 1.707286e+01
1.358739e+01 0.000000e+00 4.082481e+01 -2.723742e+01
-4.708187e+01 0.000000e+00 3.748618e+01 -8.456806e+01
1.229963e+02 0.000000e+00 3.748618e+01 8.551012e+01
-3.208111e+01 0.000000e+00 -2.952816e+01 -2.552948e+00
-2.614462e+01 0.000000e+00 -2.952816e+01 3.383537e+00
3.172208e+01 0.000000e+00 1.975105e+01 1.197103e+01
6.953164e+00 0.000000e+00 1.975105e+01 -1.279789e+01
