5.677609e+01 0.000000e+00 2.220813e+01 3.456796e+01
-1.132495e+01 0.000000e+00 2.220813e+01 -3.353308e+01
1.538451e+02 0.000000e+00 1.347230e+02 1.912208e+01
1.171772e+02 0.000000e+00 1.347230e+02 -1.754583e+01
1.074683e+01 0.000000e+00 -2.406359e+01 3.481041e+01
-5.441731e+01 0.000000e+00 -2.406359e+01 -3.035372e+01
1.706287e+02 0.000000e+00 1.318873e+02 3.874140e+01
8.809220e+01 0.000000e+00 1.318873e+02 -4.379511e+01
1.064869e+02 0.000000e+00 1.676346e+02 -6.114773e+01
2.383138e+02 0.000000e+00 1.676346e+02 7.067920e+01
8.842201e+01 0.000000e+00 5.150915e+01 3.691286e+01
1.043045e+01 0.000000e+00 5.150915e+01 -4.107870e+01
4.487205e+01 0.000000e+00 5.622692e+01 -1.135487e+01
6.766863e+01 0.000000e+00 5.622692e+01 1.144171e+01
8.718071e+01 0.000000e+00 6.374718e+01 2.343353e+01
3.918857e+01 0.000000e+00 6.374718e+01 -2.455861e+01
1.030925e+02 0.000000e+00 9.502957e+01 8.062958e+00
8.662886e+01 0.000000e+00 9.502957e+01 -8.400713e+00
5.394524e+01 0.000000e+00 9.885506e+01 -4.490982e+01
1.342193e+02 0.000000e+00 9.885506e+01 3.536426e+01
2.663050e+02 2.150185e+02 2.150185e+02 2.663050e+02
1.706259e+02 2.150185e+02 2.150185e+02 1.706259e+02
1.594054e+02 0.000000e+00 1.549076e+02 4.497787e+00
1.499206e+02 0.000000e+00 1.549076e+02 -4.987039e+00
9.947605e+01 0.000000e+00 1.109964e+02 -1.152030e+01
1.226927e+02 0.000000e+00 1.109964e+02 1.169631e+01
7.095544e+01 0.000000e+00 6.851969e+01 2.435748e+00
6.661453e+01 0.000000e+00 6.851969e+01 -1.905158e+00
2.343366e+02 0.000000e+00 2.255856e+02 8.750992e+00
2.167529e+02 0.000000e+00 2.255856e+02 -8.832700e+00
6.141817e+01 0.000000e+00 6.380866e+01 -2.390484e+00
6.530872e+01 0.000000e+00 6.380866e+01 1.500068e+00
1.551990e+02 0.000000e+00 1.358440e+02 1.935505e+01
1.217015e+02 0.000000e+00 1.358440e+02 -1.414243e+01
6.779125e+01 0.000000e+00 5.674796e+01 1.104329e+01
4.476862e+01 0.000000e+00 5.674796e+01 -1.197934e+01
2.249677e+02 0.000000e+00 1.590767e+02 6.589101e+01
1.304264e+02 0.000000e+00 1.590767e+02 -2.865034e+01
1.042752e+02 0.000000e+00 9.321664e+01 1.105861e+01
8.059280e+01 0.000000e+00 9.321664e+01 -1.262384e+01
1.837891e+02 0.000000e+00 1.729921e+02 1.079708e+01
1.627698e+02 0.000000e+00 1.729921e+02 -1.022230e+01
1.248937e+02 0.000000e+00 6.613566e+01 5.875800e+01
1.188638e+01 0.000000e+00 6.613566e+01 -5.424928e+01
4.069708e+01 0.000000e+00 4.648185e+01 -5.784768e+00
5.286542e+01 0.000000e+00 4.648185e+01 6.383568e+00
7.898041e+01 0.000000e+00 8.465280e+01 -5.672386e+00
9.114848e+01 0.000000e+00 8.465280e+01 6.495684e+00
3.139153e+01 0.000000e+00 5.335037e+01 -2.195884e+01
8.103533e+01 0.000000e+00 5.335037e+01 2.768496e+01
7.039764e+01 0.000000e+00 4.724980e+01 2.314783e+01
2.282188e+01 0.000000e+00 4.724980e+01 -2.442793e+01
