7.535330e+01 0.000000e+00 3.038469e+01 4.496861e+01
-1.229802e+01 0.000000e+00 3.038469e+01 -4.268271e+01
1.465773e+02 0.000000e+00 1.243764e+02 2.220086e+01
1.026510e+02 0.000000e+00 1.243764e+02 -2.172545e+01
2.619042e+01 0.000000e+00 -2.560199e+01 5.179241e+01
-7.505666e+01 0.000000e+00 -2.560199e+01 -4.945467e+01
1.887453e+02 0.000000e+00 1.449079e+02 4.383748e+01
9.389777e+01 0.000000e+00 1.449079e+02 -5.101009e+01
9.850378e+01 0.000000e+00 1.540299e+02 -5.552608e+01
2.182845e+02 0.000000e+00 1.540299e+02 6.425462e+01
8.607397e+01 0.000000e+00 5.710380e+01 2.897018e+01
2.601134e+01 0.000000e+00 5.710380e+01 -3.109246e+01
7.239239e+01 0.000000e+00 7.707881e+01 -4.686425e+00
8.162725e+01 0.000000e+00 7.707881e+01 4.548440e+00
1.274170e+02 0.000000e+00 8.885086e+01 3.856610e+01
4.615690e+01 0.000000e+00 8.885086e+01 -4.269397e+01
1.269676e+02 0.000000e+00 1.130392e+02 1.392837e+01
9.947662e+01 0.000000e+00 1.130392e+02 -1.356260e+01
4.875576e+01 0.000000e+00 1.037668e+02 -5.501100e+01
1.471405e+02 0.000000e+00 1.037668e+02 4.337373e+01
1.407787e+02 0.000000e+00 1.085605e+02 3.221826e+01
8.173602e+01 0.000000e+00 1.085605e+02 -2.682445e+01
1.671140e+02 0.000000e+00 1.604419e+02 6.672196e+00
1.529554e+02 0.000000e+00 1.604419e+02 -7.486494e+00
2.300963e+02 2.395533e+02 2.395533e+02 2.300963e+02
2.492435e+02 2.395533e+02 2.395533e+02 2.492435e+02
8.235424e+01 0.000000e+00 8.259780e+01 -2.435606e-01
8.296191e+01 0.000000e+00 8.259780e+01 3.641108e-01
2.474687e+02 0.000000e+00 2.391779e+02 8.290740e+00
2.306317e+02 0.000000e+00 2.391779e+02 -8.546227e+00
8.630022e+01 0.000000e+00 9.242210e+01 -6.121875e+00
9.747545e+01 0.000000e+00 9.242210e+01 5.053352e+00
1.799089e+02 0.000000e+00 1.501496e+02 2.975922e+01
1.284940e+02 0.000000e+00 1.501496e+02 -2.165563e+01
4.795395e+01 0.000000e+00 4.289184e+01 5.062108e+00
3.626076e+01 0.000000e+00 4.289184e+01 -6.631078e+00
1.745085e+02 0.000000e+00 1.524655e+02 2.204307e+01
1.407910e+02 0.000000e+00 1.524655e+02 -1.167444e+01
1.288472e+02 0.000000e+00 1.030705e+02 2.577666e+01
7.306531e+01 0.000000e+00 1.030705e+02 -3.000522e+01
1.913705e+02 0.000000e+00 1.888952e+02 2.475305e+00
1.872232e+02 0.000000e+00 1.888952e+02 -1.672044e+00
1.302033e+02 0.000000e+00 6.012463e+01 7.007866e+01
-4.460197e+00 0.000000e+00 6.012463e+01 -6.458483e+01
2.227078e+01 0.000000e+00 3.054251e+01 -8.271730e+00
3.841449e+01 0.000000e+00 3.054251e+01 7.871982e+00
7.951022e+01 0.000000e+00 8.696941e+01 -7.459187e+00
9.447027e+01 0.000000e+00 8.696941e+01 7.500863e+00
2.185993e+01 0.000000e+00 4.087087e+01 -1.901094e+01
6.472663e+01 0.000000e+00 4.087087e+01 2.385576e+01
1.033955e+02 0.000000e+00 7.029262e+01 3.310284e+01
3.645139e+01 0.000000e+00 7.029262e+01 -3.384123e+01
