1.013698e+02 0.000000e+00 5.527197e+01 4.609782e+01
8.440446e+00 0.000000e+00 5.527197e+01 -4.683152e+01
1.920846e+02 0.000000e+00 1.679042e+02 2.418032e+01
1.448981e+02 0.000000e+00 1.679042e+02 -2.300610e+01
1.138130e+02 0.000000e+00 3.929422e+01 7.451877e+01
-3.133446e+01 0.000000e+00 3.929422e+01 -7.062869e+01
2.501779e+02 0.000000e+00 2.097680e+02 4.040987e+01
1.613257e+02 0.000000e+00 2.097680e+02 -4.844235e+01
1.442653e+02 0.000000e+00 1.904423e+02 -4.617697e+01
2.434490e+02 0.000000e+00 1.904423e+02 5.300674e+01
1.432335e+02 0.000000e+00 1.394833e+02 3.750165e+00
1.344753e+02 0.000000e+00 1.394833e+02 -5.008025e+00
1.403945e+02 0.000000e+00 1.254014e+02 1.499312e+01
1.090115e+02 0.000000e+00 1.254014e+02 -1.638985e+01
1.891168e+02 0.000000e+00 1.550751e+02 3.404167e+01
1.151332e+02 0.000000e+00 1.550751e+02 -3.994197e+01
1.722209e+02 0.000000e+00 1.676644e+02 4.556439e+00
1.634322e+02 0.000000e+00 1.676644e+02 -4.232264e+00
6.663729e+01 0.000000e+00 1.217373e+02 -5.510000e+01
1.625958e+02 0.000000e+00 1.217373e+02 4.085853e+01
1.953691e+02 0.000000e+00 1.547144e+02 4.065476e+01
1.190468e+02 0.000000e+00 1.547144e+02 -3.566756e+01
3.125781e+02 0.000000e+00 2.996902e+02 1.288794e+01
2.808974e+02 0.000000e+00 2.996902e+02 -1.879277e+01
1.917062e+02 0.000000e+00 1.898275e+02 1.878723e+00
1.873866e+02 0.000000e+00 1.898275e+02 -2.440872e+00
1.629842e+02 0.000000e+00 1.546782e+02 8.305951e+00
1.448676e+02 0.000000e+00 1.546782e+02 -9.810675e+00
3.138536e+02 0.000000e+00 2.909463e+02 2.290729e+01
2.669407e+02 0.000000e+00 2.909463e+02 -2.400567e+01
1.182278e+02 0.000000e+00 1.053308e+02 1.289697e+01
9.361550e+01 0.000000e+00 1.053308e+02 -1.171534e+01
2.154189e+02 0.000000e+00 1.805012e+02 3.491764e+01
1.519051e+02 0.000000e+00 1.805012e+02 -2.859611e+01
1.555569e+02 0.000000e+00 1.303630e+02 2.519386e+01
1.032830e+02 0.000000e+00 1.303630e+02 -2.707998e+01
1.106792e+02 0.000000e+00 1.746851e+02 -6.400591e+01
1.853676e+02 0.000000e+00 1.746851e+02 1.068243e+01
1.546339e+02 0.000000e+00 1.173450e+02 3.728887e+01
7.519221e+01 0.000000e+00 1.173450e+02 -4.215281e+01
2.248750e+02 0.000000e+00 2.386042e+02 -1.372917e+01
2.509399e+02 0.000000e+00 2.386042e+02 1.233570e+01
2.089555e+02 0.000000e+00 1.301691e+02 7.878641e+01
6.313054e+01 0.000000e+00 1.301691e+02 -6.703857e+01
2.181313e+02 2.465453e+02 2.465453e+02 2.181313e+02
2.717264e+02 2.465453e+02 2.465453e+02 2.717264e+02
1.693108e+02 0.000000e+00 1.562188e+02 1.309206e+01
1.417750e+02 0.000000e+00 1.562188e+02 -1.444380e+01
6.570364e+01 0.000000e+00 8.659433e+01 -2.089070e+01
1.181554e+02 0.000000e+00 8.659433e+01 3.156105e+01
1.239900e+02 0.000000e+00 1.066682e+02 1.732181e+01
8.895626e+01 0.000000e+00 1.066682e+02 -1.771189e+01
