7.728281e+01 0.000000e+00 4.069158e+01 3.659123e+01
5.327716e+00 0.000000e+00 4.069158e+01 -3.536387e+01
1.430420e+02 0.000000e+00 1.269045e+02 1.613754e+01
1.110693e+02 0.000000e+00 1.269045e+02 -1.583518e+01
4.322354e+01 0.000000e+00 -1.039740e+01 5.362095e+01
-5.927443e+01 0.000000e+00 -1.039740e+01 -4.887703e+01
2.066640e+02 0.000000e+00 1.625084e+02 4.415568e+01
1.093536e+02 0.000000e+00 1.625084e+02 -5.315472e+01
1.300164e+02 0.000000e+00 1.719003e+02 -4.188394e+01
2.195611e+02 0.000000e+00 1.719003e+02 4.766074e+01
1.209927e+02 0.000000e+00 9.432659e+01 2.666612e+01
6.694535e+01 0.000000e+00 9.432659e+01 -2.738123e+01
8.829965e+01 0.000000e+00 8.342577e+01 4.873874e+00
7.775255e+01 0.000000e+00 8.342577e+01 -5.673220e+00
1.109736e+02 0.000000e+00 7.281822e+01 3.815535e+01
2.921722e+01 0.000000e+00 7.281822e+01 -4.360100e+01
1.401362e+02 0.000000e+00 1.340269e+02 6.109256e+00
1.274179e+02 0.000000e+00 1.340269e+02 -6.609002e+00
5.500331e+01 0.000000e+00 9.732996e+01 -4.232665e+01
1.299232e+02 0.000000e+00 9.732996e+01 3.259325e+01
1.464674e+02 0.000000e+00 1.146957e+02 3.177178e+01
8.816907e+01 0.000000e+00 1.146957e+02 -2.652660e+01
1.992533e+02 0.000000e+00 1.900819e+02 9.171423e+00
1.791221e+02 0.000000e+00 1.900819e+02 -1.095974e+01
1.286740e+02 0.000000e+00 1.338391e+02 -5.165026e+00
1.390296e+02 0.000000e+00 1.338391e+02 5.190496e+00
2.770935e+02 2.694289e+02 2.694289e+02 2.770935e+02
2.621263e+02 2.694289e+02 2.694289e+02 2.621263e+02
2.558864e+02 0.000000e+00 2.447952e+02 1.109117e+01
2.327866e+02 0.000000e+00 2.447952e+02 -1.200856e+01
8.883815e+01 0.000000e+00 9.476311e+01 -5.924956e+00
9.940918e+01 0.000000e+00 9.476311e+01 4.646072e+00
1.927594e+02 0.000000e+00 1.556022e+02 3.715719e+01
1.284251e+02 0.000000e+00 1.556022e+02 -2.717709e+01
6.418093e+01 0.000000e+00 6.377474e+01 4.061889e-01
6.158685e+01 0.000000e+00 6.377474e+01 -2.187890e+00
1.806980e+02 0.000000e+00 1.574240e+02 2.327407e+01
1.441623e+02 0.000000e+00 1.574240e+02 -1.326168e+01
1.482394e+02 0.000000e+00 1.139851e+02 3.425433e+01
7.478345e+01 0.000000e+00 1.139851e+02 -3.920166e+01
1.831127e+02 0.000000e+00 1.816414e+02 1.471263e+00
1.813896e+02 0.000000e+00 1.816414e+02 -2.518695e-01
1.514924e+02 0.000000e+00 8.447959e+01 6.701283e+01
2.644017e+01 0.000000e+00 8.447959e+01 -5.803942e+01
4.347343e+01 0.000000e+00 5.183729e+01 -8.363861e+00
6.050014e+01 0.000000e+00 5.183729e+01 8.662852e+00
1.041845e+02 0.000000e+00 1.020954e+02 2.089045e+00
9.968819e+01 0.000000e+00 1.020954e+02 -2.407220e+00
3.563701e+01 0.000000e+00 5.140906e+01 -1.577205e+01
7.025434e+01 0.000000e+00 5.140906e+01 1.884528e+01
1.113016e+02 0.000000e+00 8.231920e+01 2.898244e+01
5.295142e+01 0.000000e+00 8.231920e+01 -2.936778e+01
