1.257780e+02 0.000000e+00 1.059668e+02 1.981120e+01
9.244592e+01 0.000000e+00 1.059668e+02 -1.352088e+01
1.024166e+02 0.000000e+00 1.051162e+02 -2.699593e+00
1.070528e+02 0.000000e+00 1.051162e+02 1.936554e+00
4.325407e+01 0.000000e+00 1.239419e+01 3.085989e+01
-9.118820e+00 0.000000e+00 1.239419e+01 -2.151301e+01
5.609500e+01 0.000000e+00 3.587022e+01 2.022478e+01
1.752168e+01 0.000000e+00 3.587022e+01 -1.834855e+01
4.430802e+02 4.891711e+02 4.891711e+02 4.430802e+02
5.345507e+02 4.891711e+02 4.891711e+02 5.345507e+02
3.875912e+01 0.000000e+00 9.297604e+01 -5.421692e+01
1.355455e+02 0.000000e+00 9.297604e+01 4.256945e+01
-6.752876e+01 0.000000e+00 -1.341664e+01 -5.411212e+01
3.444810e+01 0.000000e+00 -1.341664e+01 4.786475e+01
1.237325e+02 0.000000e+00 6.967315e+01 5.405936e+01
1.995811e+01 0.000000e+00 6.967315e+01 -4.971504e+01
1.019286e+02 0.000000e+00 1.031926e+02 -1.263969e+00
1.043935e+02 0.000000e+00 1.031926e+02 1.200890e+00
3.967648e+01 0.000000e+00 1.068406e+01 2.899242e+01
-1.682663e+01 0.000000e+00 1.068406e+01 -2.751070e+01
3.451605e+02 0.000000e+00 3.068676e+02 3.829291e+01
2.721104e+02 0.000000e+00 3.068676e+02 -3.475720e+01
3.272763e+01 0.000000e+00 4.301381e+01 -1.028618e+01
5.332590e+01 0.000000e+00 4.301381e+01 1.031208e+01
7.625558e+01 0.000000e+00 4.618442e+01 3.007116e+01
1.549152e+01 0.000000e+00 4.618442e+01 -3.069289e+01
5.502391e+01 0.000000e+00 3.475537e+01 2.026854e+01
1.382609e+01 0.000000e+00 3.475537e+01 -2.092928e+01
4.627631e+02 0.000000e+00 4.649227e+02 -2.159637e+00
4.672095e+02 0.000000e+00 4.649227e+02 2.286804e+00
1.271832e+02 0.000000e+00 1.080626e+02 1.912057e+01
9.299138e+01 0.000000e+00 1.080626e+02 -1.507126e+01
4.738577e+01 0.000000e+00 7.224479e+00 4.016129e+01
-3.962573e+01 0.000000e+00 7.224479e+00 -4.685021e+01
6.609089e+00 0.000000e+00 6.363806e+01 -5.702897e+01
1.207790e+02 0.000000e+00 6.363806e+01 5.714094e+01
2.002424e+02 0.000000e+00 1.567129e+02 4.352951e+01
1.214800e+02 0.000000e+00 1.567129e+02 -3.523289e+01
1.851433e+01 0.000000e+00 3.793754e+01 -1.942321e+01
5.579643e+01 0.000000e+00 3.793754e+01 1.785889e+01
1.988777e+02 0.000000e+00 1.972230e+02 1.654709e+00
1.952624e+02 0.000000e+00 1.972230e+02 -1.960587e+00
2.998261e+02 0.000000e+00 1.983633e+02 1.014628e+02
1.122209e+02 0.000000e+00 1.983633e+02 -8.614243e+01
2.690755e+01 0.000000e+00 4.992936e+01 -2.302182e+01
7.865078e+01 0.000000e+00 4.992936e+01 2.872142e+01
7.678195e+01 0.000000e+00 6.248215e+01 1.429980e+01
4.660154e+01 0.000000e+00 6.248215e+01 -1.588061e+01
-2.484899e-01 0.000000e+00 5.418822e+01 -5.443671e+01
1.149900e+02 0.000000e+00 5.418822e+01 6.080178e+01
1.048380e+02 0.000000e+00 7.035606e+01 3.448197e+01
2.869355e+01 0.000000e+00 7.035606e+01 -4.166250e+01
