4.832007e+02 3.674832e+02 3.674832e+02 4.832007e+02
2.331873e+02 3.674832e+02 3.674832e+02 2.331873e+02
3.187508e+02 0.000000e+00 2.356172e+02 8.313364e+01
1.742578e+02 0.000000e+00 2.356172e+02 -6.135942e+01
2.342869e+02 0.000000e+00 1.422838e+02 9.200313e+01
7.601433e+01 0.000000e+00 1.422838e+02 -6.626947e+01
3.586245e+02 0.000000e+00 2.500473e+02 1.085771e+02
8.508426e+01 0.000000e+00 2.500473e+02 -1.649631e+02
2.136745e+02 0.000000e+00 2.474551e+02 -3.378062e+01
2.879586e+02 0.000000e+00 2.474551e+02 4.050345e+01
2.880705e+02 0.000000e+00 1.809946e+02 1.070759e+02
5.822185e+01 0.000000e+00 1.809946e+02 -1.227728e+02
6.346021e+01 0.000000e+00 7.915555e+01 -1.569534e+01
9.706586e+01 0.000000e+00 7.915555e+01 1.791031e+01
9.703880e+01 0.000000e+00 7.801584e+01 1.902296e+01
5.708404e+01 0.000000e+00 7.801584e+01 -2.093180e+01
2.043979e+02 0.000000e+00 1.813717e+02 2.302618e+01
1.584739e+02 0.000000e+00 1.813717e+02 -2.289787e+01
8.591870e+01 0.000000e+00 6.574377e+01 2.017493e+01
4.957883e+01 0.000000e+00 6.574377e+01 -1.616494e+01
1.758264e+02 0.000000e+00 1.284132e+02 4.741313e+01
9.412755e+01 0.000000e+00 1.284132e+02 -3.428569e+01
3.948857e+02 0.000000e+00 3.354480e+02 5.943777e+01
2.782029e+02 0.000000e+00 3.354480e+02 -5.724512e+01
8.142120e+01 0.000000e+00 6.151503e+01 1.990618e+01
4.367915e+01 0.000000e+00 6.151503e+01 -1.783588e+01
1.562238e+02 0.000000e+00 2.380940e+02 -8.187016e+01
2.970995e+02 0.000000e+00 2.380940e+02 5.900549e+01
3.941372e+02 0.000000e+00 3.985445e+02 -4.407288e+00
4.036812e+02 0.000000e+00 3.985445e+02 5.136719e+00
1.304986e+02 0.000000e+00 1.459596e+02 -1.546103e+01
1.562640e+02 0.000000e+00 1.459596e+02 1.030432e+01
2.183472e+02 0.000000e+00 2.248430e+02 -6.495880e+00
2.310063e+02 0.000000e+00 2.248430e+02 6.163208e+00
2.757775e+02 0.000000e+00 3.041906e+02 -2.841306e+01
3.430169e+02 0.000000e+00 3.041906e+02 3.882639e+01
2.698553e+02 0.000000e+00 2.364335e+02 3.342183e+01
2.185332e+02 0.000000e+00 2.364335e+02 -1.790022e+01
2.362577e+02 0.000000e+00 1.226962e+02 1.135615e+02
5.811798e+00 0.000000e+00 1.226962e+02 -1.168844e+02
1.350368e+02 0.000000e+00 1.663953e+02 -3.135847e+01
2.047078e+02 0.000000e+00 1.663953e+02 3.831252e+01
3.840539e+02 0.000000e+00 2.351864e+02 1.488675e+02
1.425524e+02 0.000000e+00 2.351864e+02 -9.263402e+01
5.143253e+01 0.000000e+00 2.800669e+01 2.342583e+01
-9.601227e+00 0.000000e+00 2.800669e+01 -3.760792e+01
1.540753e+02 0.000000e+00 1.255346e+02 2.854072e+01
9.693075e+01 0.000000e+00 1.255346e+02 -2.860387e+01
1.513241e+02 0.000000e+00 1.405426e+02 1.078146e+01
1.272241e+02 0.000000e+00 1.405426e+02 -1.331848e+01
2.515604e+02 0.000000e+00 1.772306e+02 7.432982e+01
1.019240e+02 0.000000e+00 1.772306e+02 -7.530660e+01
