1.306562e+02 0.000000e+00 1.009215e+02 2.973470e+01
7.418166e+01 0.000000e+00 1.009215e+02 -2.673982e+01
9.211777e+01 0.000000e+00 9.903793e+01 -6.920151e+00
1.057397e+02 0.000000e+00 9.903793e+01 6.701736e+00
5.172255e+02 4.197003e+02 4.197003e+02 5.172255e+02
3.184366e+02 4.197003e+02 4.197003e+02 3.184366e+02
1.229836e+02 0.000000e+00 8.324249e+01 3.974111e+01
5.023274e+01 0.000000e+00 8.324249e+01 -3.300974e+01
1.536869e+02 0.000000e+00 2.276839e+02 -7.399699e+01
3.133800e+02 0.000000e+00 2.276839e+02 8.569608e+01
1.867138e+02 0.000000e+00 1.240224e+02 6.269141e+01
6.935101e+01 0.000000e+00 1.240224e+02 -5.467142e+01
1.798682e+01 0.000000e+00 4.064939e+01 -2.266257e+01
6.118002e+01 0.000000e+00 4.064939e+01 2.053062e+01
3.058718e+02 0.000000e+00 2.518380e+02 5.403378e+01
1.852749e+02 0.000000e+00 2.518380e+02 -6.656314e+01
1.321937e+02 0.000000e+00 1.535092e+02 -2.131557e+01
1.758952e+02 0.000000e+00 1.535092e+02 2.238599e+01
1.414331e+02 0.000000e+00 1.341151e+02 7.317993e+00
1.293101e+02 0.000000e+00 1.341151e+02 -4.805054e+00
1.800459e+02 0.000000e+00 1.730647e+02 6.981201e+00
1.637858e+02 0.000000e+00 1.730647e+02 -9.278992e+00
3.617387e+02 0.000000e+00 3.624638e+02 -7.250671e-01
3.633142e+02 0.000000e+00 3.624638e+02 8.504333e-01
2.335381e+02 0.000000e+00 2.129379e+02 2.060022e+01
1.914602e+02 0.000000e+00 2.129379e+02 -2.147771e+01
4.022924e+02 0.000000e+00 3.743245e+02 2.796786e+01
3.489968e+02 0.000000e+00 3.743245e+02 -2.532776e+01
5.456187e+02 0.000000e+00 4.819233e+02 6.369534e+01
4.101246e+02 0.000000e+00 4.819233e+02 -7.179871e+01
2.617590e+02 0.000000e+00 2.153634e+02 4.639565e+01
1.691641e+02 0.000000e+00 2.153634e+02 -4.619928e+01
1.966869e+02 0.000000e+00 1.300837e+02 6.660316e+01
7.151898e+01 0.000000e+00 1.300837e+02 -5.856474e+01
1.261724e+02 0.000000e+00 1.408761e+02 -1.470368e+01
1.531075e+02 0.000000e+00 1.408761e+02 1.223143e+01
-1.001744e+02 0.000000e+00 1.706394e+02 -2.708139e+02
2.691914e+02 0.000000e+00 1.706394e+02 9.855197e+01
8.544807e+01 0.000000e+00 7.429728e+01 1.115079e+01
6.239870e+01 0.000000e+00 7.429728e+01 -1.189857e+01
3.283102e+02 0.000000e+00 3.093125e+02 1.899768e+01
2.911744e+02 0.000000e+00 3.093125e+02 -1.813809e+01
2.298980e+02 0.000000e+00 1.454958e+02 8.440219e+01
9.765254e+01 0.000000e+00 1.454958e+02 -4.784326e+01
1.316480e+02 0.000000e+00 1.100437e+02 2.160429e+01
7.759803e+01 0.000000e+00 1.100437e+02 -3.244566e+01
1.352931e+02 0.000000e+00 1.463493e+02 -1.105621e+01
1.580624e+02 0.000000e+00 1.463493e+02 1.171306e+01
5.862457e+01 0.000000e+00 1.259841e+02 -6.735957e+01
2.236645e+02 0.000000e+00 1.259841e+02 9.768037e+01
2.410195e+02 0.000000e+00 1.703422e+02 7.067737e+01
1.084632e+02 0.000000e+00 1.703422e+02 -6.187900e+01
