2.779143e+02 0.000000e+00 1.881480e+02 8.976624e+01
9.989349e+01 0.000000e+00 1.881480e+02 -8.825455e+01
2.197189e+02 0.000000e+00 1.750878e+02 4.463112e+01
1.396007e+02 0.000000e+00 1.750878e+02 -3.548709e+01
2.653006e+02 0.000000e+00 2.065703e+02 5.873027e+01
1.497417e+02 0.000000e+00 2.065703e+02 -5.682857e+01
1.379206e+02 0.000000e+00 1.201635e+02 1.775716e+01
9.831901e+01 0.000000e+00 1.201635e+02 -2.184445e+01
3.339770e+02 0.000000e+00 3.444355e+02 -1.045859e+01
3.540100e+02 0.000000e+00 3.444355e+02 9.574463e+00
3.221332e+02 0.000000e+00 2.076927e+02 1.144405e+02
9.203017e+01 0.000000e+00 2.076927e+02 -1.156625e+02
7.512093e+01 0.000000e+00 1.123232e+02 -3.720232e+01
1.492760e+02 0.000000e+00 1.123232e+02 3.695275e+01
2.896232e+02 0.000000e+00 2.303477e+02 5.927557e+01
1.709977e+02 0.000000e+00 2.303477e+02 -5.934995e+01
4.995706e+02 0.000000e+00 4.236634e+02 7.590723e+01
3.181463e+02 0.000000e+00 4.236634e+02 -1.055171e+02
4.996613e+01 0.000000e+00 8.371660e+01 -3.375047e+01
1.086863e+02 0.000000e+00 8.371660e+01 2.496973e+01
4.524364e+02 4.368659e+02 4.368659e+02 4.524364e+02
4.231662e+02 4.368659e+02 4.368659e+02 4.231662e+02
1.615490e+02 0.000000e+00 1.724206e+02 -1.087163e+01
1.819302e+02 0.000000e+00 1.724206e+02 9.509567e+00
2.237236e+02 0.000000e+00 1.618740e+02 6.184958e+01
9.123363e+01 0.000000e+00 1.618740e+02 -7.064036e+01
2.016802e+02 0.000000e+00 1.702713e+02 3.140891e+01
1.363200e+02 0.000000e+00 1.702713e+02 -3.395125e+01
6.396818e+02 0.000000e+00 6.328134e+02 6.868469e+00
6.254679e+02 0.000000e+00 6.328134e+02 -7.345459e+00
-4.771949e+00 0.000000e+00 2.461335e+01 -2.938530e+01
4.952336e+01 0.000000e+00 2.461335e+01 2.491001e+01
5.291241e+01 0.000000e+00 6.732725e+01 -1.441483e+01
8.373852e+01 0.000000e+00 6.732725e+01 1.641127e+01
1.487564e+02 0.000000e+00 1.492017e+02 -4.452820e-01
1.498062e+02 0.000000e+00 1.492017e+02 6.045227e-01
3.297138e+02 0.000000e+00 2.690034e+02 6.071036e+01
2.402369e+02 0.000000e+00 2.690034e+02 -2.876653e+01
1.156751e+02 0.000000e+00 5.583261e+01 5.984252e+01
-3.230930e+00 0.000000e+00 5.583261e+01 -5.906354e+01
4.136593e+02 0.000000e+00 4.103275e+02 3.331787e+00
4.071311e+02 0.000000e+00 4.103275e+02 -3.196381e+00
7.811647e+01 0.000000e+00 4.682199e+01 3.129448e+01
2.435145e+01 0.000000e+00 4.682199e+01 -2.247054e+01
1.023762e+02 0.000000e+00 8.288638e+01 1.948978e+01
5.476811e+01 0.000000e+00 8.288638e+01 -2.811826e+01
1.115401e+02 0.000000e+00 1.129201e+02 -1.379990e+00
1.144193e+02 0.000000e+00 1.129201e+02 1.499153e+00
1.407139e+02 0.000000e+00 1.617370e+02 -2.102306e+01
1.835941e+02 0.000000e+00 1.617370e+02 2.185713e+01
1.685313e+02 0.000000e+00 1.486604e+02 1.987088e+01
1.234147e+02 0.000000e+00 1.486604e+02 -2.524576e+01
