2.365944e+01 0.000000e+00 -2.647286e+01 5.013230e+01
-7.617793e+01 0.000000e+00 -2.647286e+01 -4.970507e+01
1.541739e+02 0.000000e+00 1.041192e+02 5.005470e+01
6.964913e+01 0.000000e+00 1.041192e+02 -3.447009e+01
6.680727e+01 0.000000e+00 1.368149e+02 -7.000759e+01
1.972558e+02 0.000000e+00 1.368149e+02 6.044093e+01
3.591341e+02 0.000000e+00 2.904157e+02 6.871838e+01
1.949698e+02 0.000000e+00 2.904157e+02 -9.544594e+01
8.224518e+01 0.000000e+00 1.190892e+02 -3.684402e+01
1.711395e+02 0.000000e+00 1.190892e+02 5.205029e+01
2.486778e+02 0.000000e+00 1.854250e+02 6.325275e+01
1.260210e+02 0.000000e+00 1.854250e+02 -5.940398e+01
2.203176e+02 0.000000e+00 2.103225e+02 9.995071e+00
2.012137e+02 0.000000e+00 2.103225e+02 -9.108871e+00
3.024186e+02 0.000000e+00 2.172049e+02 8.521365e+01
1.288865e+02 0.000000e+00 2.172049e+02 -8.831842e+01
1.921225e+02 0.000000e+00 1.845594e+02 7.563095e+00
1.774572e+02 0.000000e+00 1.845594e+02 -7.102188e+00
6.068545e+01 0.000000e+00 8.692065e+01 -2.623520e+01
1.026360e+02 0.000000e+00 8.692065e+01 1.571532e+01
3.163380e+02 0.000000e+00 2.214712e+02 9.486682e+01
1.138424e+02 0.000000e+00 2.214712e+02 -1.076288e+02
2.247367e+02 0.000000e+00 2.227754e+02 1.961273e+00
2.202737e+02 0.000000e+00 2.227754e+02 -2.501694e+00
2.184763e+02 0.000000e+00 2.199017e+02 -1.425415e+00
2.213781e+02 0.000000e+00 2.199017e+02 1.476364e+00
1.399970e+02 0.000000e+00 1.746146e+02 -3.461757e+01
2.145257e+02 0.000000e+00 1.746146e+02 3.991112e+01
5.383428e+02 0.000000e+00 4.181376e+02 1.202052e+02
2.635844e+02 0.000000e+00 4.181376e+02 -1.545532e+02
1.926889e+02 0.000000e+00 1.594848e+02 3.320409e+01
1.289293e+02 0.000000e+00 1.594848e+02 -3.055556e+01
1.576714e+02 0.000000e+00 2.083495e+02 -5.067810e+01
2.514234e+02 0.000000e+00 2.083495e+02 4.307390e+01
2.823390e+02 0.000000e+00 1.999161e+02 8.242290e+01
1.241405e+02 0.000000e+00 1.999161e+02 -7.577556e+01
5.714330e+02 0.000000e+00 2.688353e+02 3.025977e+02
1.856352e+02 0.000000e+00 2.688353e+02 -8.320009e+01
1.730841e+02 0.000000e+00 1.221684e+02 5.091576e+01
7.338490e+01 0.000000e+00 1.221684e+02 -4.878345e+01
6.646351e+02 6.625208e+02 6.625208e+02 6.646351e+02
6.605651e+02 6.625208e+02 6.625208e+02 6.605651e+02
7.901581e+01 0.000000e+00 6.866320e+01 1.035261e+01
6.076724e+01 0.000000e+00 6.866320e+01 -7.895958e+00
8.729631e+01 0.000000e+00 8.198301e+01 5.313301e+00
7.464295e+01 0.000000e+00 8.198301e+01 -7.340057e+00
2.113920e+02 0.000000e+00 1.269767e+02 8.441531e+01
4.241898e+01 0.000000e+00 1.269767e+02 -8.455772e+01
1.758182e+02 0.000000e+00 1.769330e+02 -1.114807e+00
1.787882e+02 0.000000e+00 1.769330e+02 1.855225e+00
2.539391e+01 0.000000e+00 5.928638e+01 -3.389248e+01
9.648552e+01 0.000000e+00 5.928638e+01 3.719913e+01
