1.828537e+02 0.000000e+00 1.371985e+02 4.565523e+01
1.000418e+02 0.000000e+00 1.371985e+02 -3.715661e+01
2.599655e+02 0.000000e+00 1.690386e+02 9.092688e+01
4.625358e+01 0.000000e+00 1.690386e+02 -1.227850e+02
1.390408e+02 0.000000e+00 -2.320351e+01 1.622443e+02
-1.748001e+02 0.000000e+00 -2.320351e+01 -1.515966e+02
2.597459e+02 0.000000e+00 2.403499e+02 1.939603e+01
2.222890e+02 0.000000e+00 2.403499e+02 -1.806091e+01
2.569287e+02 0.000000e+00 3.458559e+02 -8.892712e+01
4.445901e+02 0.000000e+00 3.458559e+02 9.873422e+01
-1.088842e+02 0.000000e+00 -8.420896e+01 -2.467521e+01
-5.548224e+01 0.000000e+00 -8.420896e+01 2.872672e+01
3.967382e+02 0.000000e+00 2.837874e+02 1.129508e+02
1.777990e+02 0.000000e+00 2.837874e+02 -1.059884e+02
4.670917e+02 0.000000e+00 3.626162e+02 1.044755e+02
2.588738e+02 0.000000e+00 3.626162e+02 -1.037424e+02
9.943893e+01 0.000000e+00 8.418124e+01 1.525769e+01
7.087032e+01 0.000000e+00 8.418124e+01 -1.331092e+01
1.843080e+02 0.000000e+00 2.067612e+02 -2.245320e+01
2.238957e+02 0.000000e+00 2.067612e+02 1.713455e+01
2.423552e+02 0.000000e+00 1.413153e+02 1.010398e+02
7.994772e+01 0.000000e+00 1.413153e+02 -6.136762e+01
5.347571e+02 0.000000e+00 4.030585e+02 1.316986e+02
2.677151e+02 0.000000e+00 4.030585e+02 -1.353433e+02
3.293719e+01 0.000000e+00 4.236333e+01 -9.426136e+00
5.114378e+01 0.000000e+00 4.236333e+01 8.780449e+00
1.292431e+02 0.000000e+00 8.222183e+01 4.702129e+01
4.006890e+01 0.000000e+00 8.222183e+01 -4.215293e+01
2.533199e+02 0.000000e+00 2.541087e+02 -7.888031e-01
2.549375e+02 0.000000e+00 2.541087e+02 8.288422e-01
3.730594e+01 0.000000e+00 1.820513e+01 1.910081e+01
1.253891e-01 0.000000e+00 1.820513e+01 -1.807974e+01
-4.448609e+01 0.000000e+00 3.088220e+01 -7.536829e+01
8.543415e+01 0.000000e+00 3.088220e+01 5.455195e+01
2.260555e+01 0.000000e+00 4.025967e+01 -1.765413e+01
5.726101e+01 0.000000e+00 4.025967e+01 1.700134e+01
-1.886687e+01 0.000000e+00 4.666227e+01 -6.552914e+01
7.125047e+01 0.000000e+00 4.666227e+01 2.458820e+01
2.421055e+02 0.000000e+00 1.948967e+02 4.720880e+01
1.493573e+02 0.000000e+00 1.948967e+02 -4.553940e+01
-5.279310e+01 0.000000e+00 -7.528345e+01 2.249035e+01
-1.164775e+02 0.000000e+00 -7.528345e+01 -4.119404e+01
2.636109e+02 0.000000e+00 9.011199e+01 1.734989e+02
-7.448606e+00 0.000000e+00 9.011199e+01 -9.756060e+01
1.284722e+02 0.000000e+00 1.946915e+02 -6.621928e+01
2.507832e+02 0.000000e+00 1.946915e+02 5.609167e+01
2.033168e+02 0.000000e+00 1.517527e+02 5.156415e+01
8.750053e+01 0.000000e+00 1.517527e+02 -6.425215e+01
-1.042822e+02 0.000000e+00 -4.189453e+01 -6.238766e+01
3.233031e+01 0.000000e+00 -4.189453e+01 7.422484e+01
6.686178e+02 7.069061e+02 7.069061e+02 6.686178e+02
7.329677e+02 7.069061e+02 7.069061e+02 7.329677e+02
