1.310410e+02 0.000000e+00 6.376829e+01 6.727273e+01
-1.912831e+00 0.000000e+00 6.376829e+01 -6.568112e+01
1.679886e+02 0.000000e+00 1.493132e+02 1.867543e+01
1.337320e+02 0.000000e+00 1.493132e+02 -1.558125e+01
3.382077e+01 0.000000e+00 3.890136e+01 -5.080587e+00
4.216259e+01 0.000000e+00 3.890136e+01 3.261225e+00
2.457993e+02 0.000000e+00 1.869490e+02 5.885029e+01
1.112999e+02 0.000000e+00 1.869490e+02 -7.564910e+01
1.529906e+02 0.000000e+00 1.902980e+02 -3.730747e+01
2.327196e+02 0.000000e+00 1.902980e+02 4.242159e+01
1.497949e+02 0.000000e+00 1.352814e+02 1.451342e+01
1.208559e+02 0.000000e+00 1.352814e+02 -1.442557e+01
1.032162e+02 0.000000e+00 9.531772e+01 7.898452e+00
8.721747e+01 0.000000e+00 9.531772e+01 -8.100250e+00
1.887247e+02 0.000000e+00 1.521515e+02 3.657326e+01
1.122910e+02 0.000000e+00 1.521515e+02 -3.986050e+01
1.349557e+02 0.000000e+00 1.283528e+02 6.602898e+00
1.216196e+02 0.000000e+00 1.283528e+02 -6.733234e+00
2.728507e+01 0.000000e+00 9.080176e+01 -6.351669e+01
1.411655e+02 0.000000e+00 9.080176e+01 5.036375e+01
1.981623e+02 0.000000e+00 1.615470e+02 3.661535e+01
1.299880e+02 0.000000e+00 1.615470e+02 -3.155900e+01
1.858904e+02 0.000000e+00 1.902529e+02 -4.362509e+00
1.916717e+02 0.000000e+00 1.902529e+02 1.418730e+00
2.182367e+02 0.000000e+00 2.377497e+02 -1.951306e+01
2.573820e+02 0.000000e+00 2.377497e+02 1.963231e+01
1.259841e+02 0.000000e+00 1.351678e+02 -9.183697e+00
1.449038e+02 0.000000e+00 1.351678e+02 9.735950e+00
3.980790e+02 0.000000e+00 3.730742e+02 2.500475e+01
3.460018e+02 0.000000e+00 3.730742e+02 -2.707249e+01
1.300876e+02 0.000000e+00 1.280703e+02 2.017236e+00
1.266422e+02 0.000000e+00 1.280703e+02 -1.428164e+00
2.342845e+02 0.000000e+00 1.955879e+02 3.869650e+01
1.555851e+02 0.000000e+00 1.955879e+02 -4.000286e+01
1.189843e+02 0.000000e+00 1.070526e+02 1.193172e+01
9.190663e+01 0.000000e+00 1.070526e+02 -1.514599e+01
2.965021e+02 0.000000e+00 2.438394e+02 5.266269e+01
2.203932e+02 0.000000e+00 2.438394e+02 -2.344626e+01
1.361966e+02 0.000000e+00 1.205045e+02 1.569209e+01
1.036158e+02 0.000000e+00 1.205045e+02 -1.688873e+01
1.906209e+02 0.000000e+00 2.223445e+02 -3.172356e+01
2.545591e+02 0.000000e+00 2.223445e+02 3.221463e+01
1.779159e+02 0.000000e+00 1.480229e+02 2.989297e+01
1.243402e+02 0.000000e+00 1.480229e+02 -2.368272e+01
7.470422e+01 0.000000e+00 6.672138e+01 7.982844e+00
5.459317e+01 0.000000e+00 6.672138e+01 -1.212820e+01
1.623584e+02 0.000000e+00 1.449377e+02 1.742064e+01
1.270668e+02 0.000000e+00 1.449377e+02 -1.787098e+01
2.228871e+02 2.565813e+02 2.565813e+02 2.228871e+02
2.931650e+02 2.565813e+02 2.565813e+02 2.931650e+02
1.024940e+02 0.000000e+00 9.451662e+01 7.977419e+00
8.599795e+01 0.000000e+00 9.451662e+01 -8.518664e+00
