6.454167e+01 0.000000e+00 1.974874e+01 4.479293e+01
-2.533307e+01 0.000000e+00 1.974874e+01 -4.508182e+01
1.712081e+02 0.000000e+00 1.524501e+02 1.875797e+01
1.364489e+02 0.000000e+00 1.524501e+02 -1.600125e+01
4.055563e+01 0.000000e+00 1.923113e+01 2.132450e+01
-8.344329e-01 0.000000e+00 1.923113e+01 -2.006557e+01
2.444518e+02 0.000000e+00 2.044268e+02 4.002499e+01
1.525619e+02 0.000000e+00 2.044268e+02 -5.186489e+01
1.077826e+02 0.000000e+00 1.606069e+02 -5.282435e+01
2.216833e+02 0.000000e+00 1.606069e+02 6.107634e+01
9.357347e+01 0.000000e+00 8.204987e+01 1.152360e+01
7.033971e+01 0.000000e+00 8.204987e+01 -1.171017e+01
9.226522e+01 0.000000e+00 9.496414e+01 -2.698926e+00
9.680514e+01 0.000000e+00 9.496414e+01 1.841003e+00
2.923409e+02 2.713500e+02 2.713500e+02 2.923409e+02
2.484681e+02 2.713500e+02 2.713500e+02 2.484681e+02
1.467218e+02 0.000000e+00 1.373373e+02 9.384469e+00
1.272725e+02 0.000000e+00 1.373373e+02 -1.006487e+01
7.634596e+01 0.000000e+00 1.261256e+02 -4.977964e+01
1.657652e+02 0.000000e+00 1.261256e+02 3.963965e+01
1.638116e+02 0.000000e+00 1.366719e+02 2.713967e+01
1.132949e+02 0.000000e+00 1.366719e+02 -2.337699e+01
2.040232e+02 0.000000e+00 2.021953e+02 1.827850e+00
1.986337e+02 0.000000e+00 2.021953e+02 -3.561662e+00
1.776948e+02 0.000000e+00 1.754231e+02 2.271706e+00
1.733321e+02 0.000000e+00 1.754231e+02 -2.091057e+00
1.276465e+02 0.000000e+00 1.288499e+02 -1.203493e+00
1.281700e+02 0.000000e+00 1.288499e+02 -6.799357e-01
2.836959e+02 0.000000e+00 2.697314e+02 1.396445e+01
2.545523e+02 0.000000e+00 2.697314e+02 -1.517909e+01
1.513854e+02 0.000000e+00 1.479159e+02 3.469498e+00
1.446314e+02 0.000000e+00 1.479159e+02 -3.284500e+00
2.089545e+02 0.000000e+00 1.762685e+02 3.268603e+01
1.472944e+02 0.000000e+00 1.762685e+02 -2.897406e+01
1.249532e+02 0.000000e+00 8.626647e+01 3.868677e+01
4.431026e+01 0.000000e+00 8.626647e+01 -4.195621e+01
2.052002e+02 0.000000e+00 1.856897e+02 1.951053e+01
1.802044e+02 0.000000e+00 1.856897e+02 -5.485351e+00
1.227789e+02 0.000000e+00 1.133230e+02 9.455851e+00
1.035497e+02 0.000000e+00 1.133230e+02 -9.773287e+00
2.095911e+02 0.000000e+00 2.288146e+02 -1.922345e+01
2.491166e+02 0.000000e+00 2.288146e+02 2.030208e+01
1.600100e+02 0.000000e+00 1.008302e+02 5.917980e+01
4.907725e+01 0.000000e+00 1.008302e+02 -5.175299e+01
6.787633e+01 0.000000e+00 7.376825e+01 -5.891924e+00
7.935917e+01 0.000000e+00 7.376825e+01 5.590921e+00
1.000649e+02 0.000000e+00 1.022344e+02 -2.169455e+00
1.017458e+02 0.000000e+00 1.022344e+02 -4.886100e-01
5.311520e+01 0.000000e+00 8.292674e+01 -2.981154e+01
1.213477e+02 0.000000e+00 8.292674e+01 3.842095e+01
8.791589e+01 0.000000e+00 7.383413e+01 1.408177e+01
5.960498e+01 0.000000e+00 7.383413e+01 -1.422914e+01
