9.125994e+01 0.000000e+00 5.403739e+01 3.722255e+01
1.811672e+01 0.000000e+00 5.403739e+01 -3.592068e+01
1.352313e+02 0.000000e+00 1.170451e+02 1.818626e+01
9.908211e+01 0.000000e+00 1.170451e+02 -1.796296e+01
4.452111e+01 0.000000e+00 -2.156974e+00 4.667809e+01
-4.747963e+01 0.000000e+00 -2.156974e+00 -4.532265e+01
2.289850e+02 0.000000e+00 1.791009e+02 4.988408e+01
1.164310e+02 0.000000e+00 1.791009e+02 -6.266996e+01
1.328789e+02 0.000000e+00 1.762443e+02 -4.336537e+01
2.244745e+02 0.000000e+00 1.762443e+02 4.823023e+01
1.225342e+02 0.000000e+00 1.025088e+02 2.002542e+01
8.165763e+01 0.000000e+00 1.025088e+02 -2.085113e+01
9.600774e+01 0.000000e+00 8.584304e+01 1.016471e+01
7.398508e+01 0.000000e+00 8.584304e+01 -1.185796e+01
1.268526e+02 0.000000e+00 9.226973e+01 3.458286e+01
5.261394e+01 0.000000e+00 9.226973e+01 -3.965580e+01
1.250417e+02 0.000000e+00 1.208308e+02 4.210957e+00
1.161911e+02 0.000000e+00 1.208308e+02 -4.639679e+00
6.000527e+01 0.000000e+00 1.032479e+02 -4.324267e+01
1.345959e+02 0.000000e+00 1.032479e+02 3.134793e+01
1.762706e+02 0.000000e+00 1.339016e+02 4.236898e+01
9.796172e+01 0.000000e+00 1.339016e+02 -3.593987e+01
2.320242e+02 0.000000e+00 2.198655e+02 1.215872e+01
2.034841e+02 0.000000e+00 2.198655e+02 -1.638138e+01
1.395675e+02 0.000000e+00 1.370987e+02 2.468765e+00
1.346943e+02 0.000000e+00 1.370987e+02 -2.404426e+00
9.676675e+01 0.000000e+00 1.019807e+02 -5.213942e+00
1.076930e+02 0.000000e+00 1.019807e+02 5.712283e+00
2.842671e+02 0.000000e+00 2.732764e+02 1.099071e+01
2.620185e+02 0.000000e+00 2.732764e+02 -1.125793e+01
8.268496e+01 0.000000e+00 9.941985e+01 -1.673489e+01
1.130418e+02 0.000000e+00 9.941985e+01 1.362198e+01
1.689334e+02 0.000000e+00 1.534217e+02 1.551178e+01
1.400269e+02 0.000000e+00 1.534217e+02 -1.339480e+01
3.174345e+02 2.779571e+02 2.779571e+02 3.174345e+02
2.335739e+02 2.779571e+02 2.779571e+02 2.335739e+02
1.705948e+02 0.000000e+00 1.725847e+02 -1.989900e+00
1.666552e+02 0.000000e+00 1.725847e+02 -5.929548e+00
1.441881e+02 0.000000e+00 1.055183e+02 3.866976e+01
6.037442e+01 0.000000e+00 1.055183e+02 -4.514388e+01
1.720815e+02 0.000000e+00 1.617723e+02 1.030926e+01
1.500244e+02 0.000000e+00 1.617723e+02 -1.174792e+01
1.644841e+02 0.000000e+00 1.025951e+02 6.188900e+01
4.628398e+01 0.000000e+00 1.025951e+02 -5.631111e+01
7.329628e+01 0.000000e+00 8.261627e+01 -9.319996e+00
9.087677e+01 0.000000e+00 8.261627e+01 8.260494e+00
1.220306e+02 0.000000e+00 1.112099e+02 1.082073e+01
9.822817e+01 0.000000e+00 1.112099e+02 -1.298169e+01
6.115640e+01 0.000000e+00 8.297774e+01 -2.182134e+01
1.110848e+02 0.000000e+00 8.297774e+01 2.810707e+01
1.142726e+02 0.000000e+00 9.406666e+01 2.020590e+01
7.362240e+01 0.000000e+00 9.406666e+01 -2.044426e+01
