2.990763e+02 2.382792e+02 2.382792e+02 2.990763e+02
1.782151e+02 2.382792e+02 2.382792e+02 1.782151e+02
1.668201e+02 0.000000e+00 1.298855e+02 3.693453e+01
9.426503e+01 0.000000e+00 1.298855e+02 -3.562049e+01
6.012043e+01 0.000000e+00 1.783489e+01 4.228555e+01
-2.496547e+01 0.000000e+00 1.783489e+01 -4.280035e+01
1.820874e+02 0.000000e+00 1.415876e+02 4.049975e+01
9.355278e+01 0.000000e+00 1.415876e+02 -4.803486e+01
1.262089e+02 0.000000e+00 1.684101e+02 -4.220117e+01
2.139508e+02 0.000000e+00 1.684101e+02 4.554069e+01
1.294577e+02 0.000000e+00 1.027169e+02 2.674076e+01
7.623223e+01 0.000000e+00 1.027169e+02 -2.648468e+01
1.129454e+02 0.000000e+00 1.082406e+02 4.704756e+00
1.046212e+02 0.000000e+00 1.082406e+02 -3.619419e+00
1.043723e+02 0.000000e+00 7.337960e+01 3.099270e+01
3.862502e+01 0.000000e+00 7.337960e+01 -3.475458e+01
1.378580e+02 0.000000e+00 1.403927e+02 -2.534706e+00
1.437510e+02 0.000000e+00 1.403927e+02 3.358297e+00
4.093266e+01 0.000000e+00 8.462826e+01 -4.369560e+01
1.185045e+02 0.000000e+00 8.462826e+01 3.387625e+01
1.116742e+02 0.000000e+00 6.540793e+01 4.626630e+01
2.662953e+01 0.000000e+00 6.540793e+01 -3.877839e+01
1.879594e+02 0.000000e+00 1.710423e+02 1.691706e+01
1.510099e+02 0.000000e+00 1.710423e+02 -2.003241e+01
1.156911e+02 0.000000e+00 1.334482e+02 -1.775710e+01
1.522514e+02 0.000000e+00 1.334482e+02 1.880322e+01
8.137540e+01 0.000000e+00 9.601276e+01 -1.463736e+01
1.145832e+02 0.000000e+00 9.601276e+01 1.857039e+01
2.701287e+02 0.000000e+00 2.722684e+02 -2.139734e+00
2.748835e+02 0.000000e+00 2.722684e+02 2.615046e+00
9.290001e+01 0.000000e+00 8.872741e+01 4.172604e+00
8.517157e+01 0.000000e+00 8.872741e+01 -3.555838e+00
2.122086e+02 0.000000e+00 1.928694e+02 1.933922e+01
1.746774e+02 0.000000e+00 1.928694e+02 -1.819199e+01
8.502489e+01 0.000000e+00 7.785566e+01 7.169232e+00
7.034603e+01 0.000000e+00 7.785566e+01 -7.509630e+00
2.003120e+02 0.000000e+00 1.783896e+02 2.192239e+01
1.720064e+02 0.000000e+00 1.783896e+02 -6.383202e+00
1.322478e+02 0.000000e+00 9.696827e+01 3.527952e+01
5.803130e+01 0.000000e+00 9.696827e+01 -3.893697e+01
2.052117e+02 0.000000e+00 2.037605e+02 1.451193e+00
2.022593e+02 0.000000e+00 2.037605e+02 -1.501219e+00
1.535392e+02 0.000000e+00 8.781171e+01 6.572751e+01
3.337959e+01 0.000000e+00 8.781171e+01 -5.443212e+01
5.760890e+01 0.000000e+00 6.365838e+01 -6.049481e+00
6.871749e+01 0.000000e+00 6.365838e+01 5.059105e+00
1.133395e+02 0.000000e+00 1.143340e+02 -9.944837e-01
1.158474e+02 0.000000e+00 1.143340e+02 1.513339e+00
6.336359e+01 0.000000e+00 7.988678e+01 -1.652319e+01
1.008766e+02 0.000000e+00 7.988678e+01 2.098978e+01
1.625482e+02 0.000000e+00 1.246460e+02 3.790221e+01
8.950048e+01 0.000000e+00 1.246460e+02 -3.514548e+01
