1.220487e+02 0.000000e+00 1.143584e+02 7.690278e+00
1.063582e+02 0.000000e+00 1.143584e+02 -8.000153e+00
2.336753e+02 0.000000e+00 1.682126e+02 6.546273e+01
1.083680e+02 0.000000e+00 1.682126e+02 -5.984451e+01
6.485156e+01 0.000000e+00 6.654057e+01 -1.689006e+00
6.760860e+01 0.000000e+00 6.654057e+01 1.068037e+00
2.469158e+02 0.000000e+00 1.936970e+02 5.321878e+01
1.280444e+02 0.000000e+00 1.936970e+02 -6.565258e+01
1.852989e+02 0.000000e+00 1.617651e+02 2.353378e+01
1.312063e+02 0.000000e+00 1.617651e+02 -3.055885e+01
1.432852e+02 0.000000e+00 1.248830e+02 1.840225e+01
1.054142e+02 0.000000e+00 1.248830e+02 -1.946876e+01
1.295810e+02 0.000000e+00 1.502277e+02 -2.064675e+01
1.716955e+02 0.000000e+00 1.502277e+02 2.146777e+01
1.387741e+02 0.000000e+00 1.526730e+02 -1.389894e+01
1.694753e+02 0.000000e+00 1.526730e+02 1.680235e+01
1.426207e+02 0.000000e+00 1.397430e+02 2.877779e+00
1.373964e+02 0.000000e+00 1.397430e+02 -2.346540e+00
2.127015e+02 2.384133e+02 2.384133e+02 2.127015e+02
2.576889e+02 2.384133e+02 2.384133e+02 2.576889e+02
1.399025e+02 0.000000e+00 1.262174e+02 1.368502e+01
1.140351e+02 0.000000e+00 1.262174e+02 -1.218231e+01
2.544122e+02 0.000000e+00 2.287210e+02 2.569120e+01
1.991287e+02 0.000000e+00 2.287210e+02 -2.959226e+01
1.491520e+02 0.000000e+00 1.449504e+02 4.201596e+00
1.412469e+02 0.000000e+00 1.449504e+02 -3.703444e+00
1.113009e+02 0.000000e+00 1.251024e+02 -1.380148e+01
1.401673e+02 0.000000e+00 1.251024e+02 1.506484e+01
2.711802e+02 0.000000e+00 2.715469e+02 -3.667007e-01
2.727427e+02 0.000000e+00 2.715469e+02 1.195806e+00
1.414628e+02 0.000000e+00 1.221892e+02 1.927361e+01
1.043036e+02 0.000000e+00 1.221892e+02 -1.788564e+01
2.372887e+02 0.000000e+00 2.101734e+02 2.711530e+01
1.899803e+02 0.000000e+00 2.101734e+02 -2.019314e+01
1.238406e+02 0.000000e+00 7.189996e+01 5.194062e+01
1.218961e+01 0.000000e+00 7.189996e+01 -5.971035e+01
2.082964e+02 0.000000e+00 1.424555e+02 6.584092e+01
1.130082e+02 0.000000e+00 1.424555e+02 -2.944728e+01
1.142747e+02 0.000000e+00 1.178383e+02 -3.563573e+00
1.223187e+02 0.000000e+00 1.178383e+02 4.480383e+00
2.473344e+02 0.000000e+00 2.159920e+02 3.134239e+01
1.871858e+02 0.000000e+00 2.159920e+02 -2.880619e+01
1.754180e+02 0.000000e+00 1.299733e+02 4.544469e+01
9.139742e+01 0.000000e+00 1.299733e+02 -3.857587e+01
1.203074e+02 0.000000e+00 1.279640e+02 -7.656633e+00
1.385410e+02 0.000000e+00 1.279640e+02 1.057696e+01
1.140956e+02 0.000000e+00 1.168428e+02 -2.747267e+00
1.193515e+02 0.000000e+00 1.168428e+02 2.508710e+00
5.270168e+01 0.000000e+00 5.127386e+01 1.427823e+00
4.988538e+01 0.000000e+00 5.127386e+01 -1.388478e+00
1.259722e+02 0.000000e+00 1.081664e+02 1.780579e+01
8.999826e+01 0.000000e+00 1.081664e+02 -1.816813e+01
