1.475940e+02 0.000000e+00 1.260333e+02 2.156070e+01
1.033656e+02 0.000000e+00 1.260333e+02 -2.266764e+01
1.993910e+02 0.000000e+00 1.407076e+02 5.868348e+01
8.468552e+01 0.000000e+00 1.407076e+02 -5.602205e+01
7.781333e+01 0.000000e+00 8.006261e+01 -2.249281e+00
8.217996e+01 0.000000e+00 8.006261e+01 2.117350e+00
2.884143e+02 0.000000e+00 2.220955e+02 6.631881e+01
1.378389e+02 0.000000e+00 2.220955e+02 -8.425666e+01
2.533505e+02 0.000000e+00 2.003578e+02 5.299266e+01
1.372402e+02 0.000000e+00 2.003578e+02 -6.311762e+01
1.800754e+02 0.000000e+00 1.627146e+02 1.736082e+01
1.463817e+02 0.000000e+00 1.627146e+02 -1.633287e+01
1.403245e+02 0.000000e+00 1.568021e+02 -1.647757e+01
1.738829e+02 0.000000e+00 1.568021e+02 1.708082e+01
1.514078e+02 0.000000e+00 1.540667e+02 -2.658898e+00
1.580709e+02 0.000000e+00 1.540667e+02 4.004261e+00
1.620180e+02 0.000000e+00 1.614152e+02 6.028337e-01
1.607877e+02 0.000000e+00 1.614152e+02 -6.275190e-01
1.244778e+02 0.000000e+00 1.349828e+02 -1.050504e+01
1.432914e+02 0.000000e+00 1.349828e+02 8.308595e+00
1.562042e+02 0.000000e+00 1.373069e+02 1.889737e+01
1.201806e+02 0.000000e+00 1.373069e+02 -1.712627e+01
3.273230e+02 0.000000e+00 2.840750e+02 4.324797e+01
2.283400e+02 0.000000e+00 2.840750e+02 -5.573501e+01
1.561337e+02 0.000000e+00 1.431053e+02 1.302835e+01
1.291169e+02 0.000000e+00 1.431053e+02 -1.398842e+01
1.240541e+02 0.000000e+00 1.400794e+02 -1.602532e+01
1.572144e+02 0.000000e+00 1.400794e+02 1.713497e+01
3.236945e+02 0.000000e+00 3.203626e+02 3.331884e+00
3.172045e+02 0.000000e+00 3.203626e+02 -3.158098e+00
1.429714e+02 0.000000e+00 1.252314e+02 1.774002e+01
1.079014e+02 0.000000e+00 1.252314e+02 -1.732998e+01
2.188904e+02 0.000000e+00 2.004886e+02 1.840173e+01
1.881245e+02 0.000000e+00 2.004886e+02 -1.236408e+01
3.627389e+02 2.786136e+02 2.786136e+02 3.627389e+02
1.759440e+02 2.786136e+02 2.786136e+02 1.759440e+02
1.940961e+02 0.000000e+00 1.700370e+02 2.405909e+01
1.497323e+02 0.000000e+00 1.700370e+02 -2.030473e+01
7.987230e+01 0.000000e+00 9.551204e+01 -1.563974e+01
1.132977e+02 0.000000e+00 9.551204e+01 1.778569e+01
2.070137e+02 0.000000e+00 1.829774e+02 2.403630e+01
1.604022e+02 0.000000e+00 1.829774e+02 -2.257519e+01
2.338018e+02 0.000000e+00 1.662308e+02 6.757100e+01
1.108726e+02 0.000000e+00 1.662308e+02 -5.535821e+01
1.736625e+02 0.000000e+00 1.767155e+02 -3.053036e+00
1.811478e+02 0.000000e+00 1.767155e+02 4.432289e+00
1.391654e+02 0.000000e+00 1.310470e+02 8.118390e+00
1.216798e+02 0.000000e+00 1.310470e+02 -9.367218e+00
6.774464e+01 0.000000e+00 9.018383e+01 -2.243919e+01
1.185948e+02 0.000000e+00 9.018383e+01 2.841092e+01
1.500952e+02 0.000000e+00 1.327892e+02 1.730597e+01
1.167430e+02 0.000000e+00 1.327892e+02 -1.604618e+01
