1.302197e+02 0.000000e+00 1.268209e+02 3.398800e+00
1.234755e+02 0.000000e+00 1.268209e+02 -3.345412e+00
2.101952e+02 0.000000e+00 1.434709e+02 6.672430e+01
7.909093e+01 0.000000e+00 1.434709e+02 -6.437996e+01
3.289477e+01 0.000000e+00 4.176750e+01 -8.872723e+00
5.015623e+01 0.000000e+00 4.176750e+01 8.388734e+00
2.138488e+02 0.000000e+00 1.619579e+02 5.189087e+01
9.801269e+01 0.000000e+00 1.619579e+02 -6.394520e+01
1.832714e+02 0.000000e+00 1.483473e+02 3.492410e+01
1.022589e+02 0.000000e+00 1.483473e+02 -4.608839e+01
1.380712e+02 0.000000e+00 1.234453e+02 1.462586e+01
1.079821e+02 0.000000e+00 1.234453e+02 -1.546326e+01
1.311913e+02 0.000000e+00 1.475445e+02 -1.635319e+01
1.648986e+02 0.000000e+00 1.475445e+02 1.735409e+01
1.101463e+02 0.000000e+00 1.256322e+02 -1.548596e+01
1.446290e+02 0.000000e+00 1.256322e+02 1.899676e+01
2.714310e+02 2.697995e+02 2.697995e+02 2.714310e+02
2.690955e+02 2.697995e+02 2.697995e+02 2.690955e+02
9.173618e+01 0.000000e+00 1.115048e+02 -1.976867e+01
1.276195e+02 0.000000e+00 1.115048e+02 1.611467e+01
1.229180e+02 0.000000e+00 1.098159e+02 1.310210e+01
9.921440e+01 0.000000e+00 1.098159e+02 -1.060145e+01
2.277267e+02 0.000000e+00 2.051455e+02 2.258122e+01
1.779713e+02 0.000000e+00 2.051455e+02 -2.717414e+01
1.248251e+02 0.000000e+00 1.206451e+02 4.179954e+00
1.164211e+02 0.000000e+00 1.206451e+02 -4.224033e+00
1.152279e+02 0.000000e+00 1.229089e+02 -7.681051e+00
1.311579e+02 0.000000e+00 1.229089e+02 8.248953e+00
2.938415e+02 0.000000e+00 2.999063e+02 -6.064780e+00
3.060007e+02 0.000000e+00 2.999063e+02 6.094476e+00
1.439180e+02 0.000000e+00 1.243671e+02 1.955091e+01
1.059006e+02 0.000000e+00 1.243671e+02 -1.846646e+01
2.079832e+02 0.000000e+00 1.821810e+02 2.580225e+01
1.626239e+02 0.000000e+00 1.821810e+02 -1.955706e+01
8.604280e+01 0.000000e+00 4.208197e+01 4.396084e+01
-8.820169e+00 0.000000e+00 4.208197e+01 -5.090214e+01
1.890764e+02 0.000000e+00 1.380456e+02 5.103085e+01
1.117390e+02 0.000000e+00 1.380456e+02 -2.630652e+01
7.712804e+01 0.000000e+00 8.880227e+01 -1.167423e+01
1.017071e+02 0.000000e+00 8.880227e+01 1.290484e+01
2.476388e+02 0.000000e+00 2.186476e+02 2.899123e+01
1.926487e+02 0.000000e+00 2.186476e+02 -2.599885e+01
1.371535e+02 0.000000e+00 8.785334e+01 4.930011e+01
4.582299e+01 0.000000e+00 8.785334e+01 -4.203035e+01
1.304185e+02 0.000000e+00 1.350299e+02 -4.611382e+00
1.418967e+02 0.000000e+00 1.350299e+02 6.866818e+00
1.292998e+02 0.000000e+00 1.241162e+02 5.183535e+00
1.183579e+02 0.000000e+00 1.241162e+02 -5.758380e+00
3.804139e+01 0.000000e+00 4.174749e+01 -3.706107e+00
4.632667e+01 0.000000e+00 4.174749e+01 4.579178e+00
1.223044e+02 0.000000e+00 1.002733e+02 2.203117e+01
7.855073e+01 0.000000e+00 1.002733e+02 -2.172254e+01
