1.404709e+02 0.000000e+00 1.334166e+02 7.054344e+00
1.270228e+02 0.000000e+00 1.334166e+02 -6.393819e+00
2.047557e+02 0.000000e+00 1.375601e+02 6.719554e+01
7.396993e+01 0.000000e+00 1.375601e+02 -6.359019e+01
5.279953e+01 0.000000e+00 5.594403e+01 -3.144505e+00
5.889016e+01 0.000000e+00 5.594403e+01 2.946128e+00
2.172468e+02 0.000000e+00 1.767239e+02 4.052294e+01
1.261981e+02 0.000000e+00 1.767239e+02 -5.052581e+01
1.941481e+02 0.000000e+00 1.540152e+02 4.013293e+01
1.034325e+02 0.000000e+00 1.540152e+02 -5.058269e+01
1.344350e+02 0.000000e+00 1.208985e+02 1.353645e+01
1.061106e+02 0.000000e+00 1.208985e+02 -1.478794e+01
1.501697e+02 0.000000e+00 1.658854e+02 -1.571566e+01
1.831929e+02 0.000000e+00 1.658854e+02 1.730751e+01
1.283646e+02 0.000000e+00 1.393381e+02 -1.097349e+01
1.528612e+02 0.000000e+00 1.393381e+02 1.352307e+01
1.326978e+02 0.000000e+00 1.411157e+02 -8.417925e+00
1.493335e+02 0.000000e+00 1.411157e+02 8.217737e+00
8.224920e+01 0.000000e+00 1.015687e+02 -1.931951e+01
1.175070e+02 0.000000e+00 1.015687e+02 1.593833e+01
1.332450e+02 0.000000e+00 1.202980e+02 1.294703e+01
1.095284e+02 0.000000e+00 1.202980e+02 -1.076954e+01
2.490008e+02 0.000000e+00 2.131379e+02 3.586288e+01
1.691758e+02 0.000000e+00 2.131379e+02 -4.396212e+01
1.285687e+02 0.000000e+00 1.143618e+02 1.420694e+01
9.922430e+01 0.000000e+00 1.143618e+02 -1.513750e+01
1.058527e+02 0.000000e+00 1.117248e+02 -5.872051e+00
1.177571e+02 0.000000e+00 1.117248e+02 6.032356e+00
2.751366e+02 0.000000e+00 2.807308e+02 -5.594169e+00
2.867233e+02 0.000000e+00 2.807308e+02 5.992565e+00
1.326566e+02 0.000000e+00 1.117657e+02 2.089090e+01
9.230672e+01 0.000000e+00 1.117657e+02 -1.945896e+01
2.074149e+02 0.000000e+00 1.729686e+02 3.444627e+01
1.492397e+02 0.000000e+00 1.729686e+02 -2.372891e+01
9.733316e+01 0.000000e+00 5.410087e+01 4.323229e+01
5.297962e+00 0.000000e+00 5.410087e+01 -4.880291e+01
1.828497e+02 0.000000e+00 1.192237e+02 6.362599e+01
8.770816e+01 0.000000e+00 1.192237e+02 -3.151551e+01
7.313706e+01 0.000000e+00 8.629428e+01 -1.315722e+01
1.004422e+02 0.000000e+00 8.629428e+01 1.414792e+01
2.216730e+02 0.000000e+00 2.021610e+02 1.951203e+01
1.829576e+02 0.000000e+00 2.021610e+02 -1.920339e+01
1.526363e+02 0.000000e+00 1.065937e+02 4.604261e+01
6.760294e+01 0.000000e+00 1.065937e+02 -3.899076e+01
2.679855e+02 2.628770e+02 2.628770e+02 2.679855e+02
2.600782e+02 2.628770e+02 2.628770e+02 2.600782e+02
1.183039e+02 0.000000e+00 1.116697e+02 6.634245e+00
1.046879e+02 0.000000e+00 1.116697e+02 -6.981822e+00
3.974143e+01 0.000000e+00 4.453125e+01 -4.789812e+00
5.118399e+01 0.000000e+00 4.453125e+01 6.652744e+00
1.188282e+02 0.000000e+00 9.624771e+01 2.258046e+01
7.332002e+01 0.000000e+00 9.624771e+01 -2.292768e+01
