5.814978e+01 0.000000e+00 5.664778e+01 1.502003e+00
5.513771e+01 0.000000e+00 5.664778e+01 -1.510071e+00
1.636941e+02 0.000000e+00 1.622696e+02 1.424576e+00
1.612683e+02 0.000000e+00 1.622696e+02 -1.001221e+00
2.310859e+02 0.000000e+00 1.509937e+02 8.009222e+01
9.355801e+01 0.000000e+00 1.509937e+02 -5.743569e+01
2.452440e+02 0.000000e+00 1.786678e+02 6.657626e+01
1.086909e+02 0.000000e+00 1.786678e+02 -6.997690e+01
6.945828e+02 6.096923e+02 6.096923e+02 6.945828e+02
5.020363e+02 6.096923e+02 6.096923e+02 5.020363e+02
4.453215e+01 0.000000e+00 6.959119e+01 -2.505904e+01
9.324687e+01 0.000000e+00 6.959119e+01 2.365569e+01
4.959679e+01 0.000000e+00 6.379260e+01 -1.419581e+01
7.688634e+01 0.000000e+00 6.379260e+01 1.309373e+01
1.426736e+02 0.000000e+00 1.459315e+02 -3.257904e+00
1.488166e+02 0.000000e+00 1.459315e+02 2.885071e+00
4.101878e+01 0.000000e+00 5.752631e+01 -1.650753e+01
7.553982e+01 0.000000e+00 5.752631e+01 1.801351e+01
8.072750e+01 0.000000e+00 6.705694e+01 1.367056e+01
5.612810e+01 0.000000e+00 6.705694e+01 -1.092884e+01
2.893371e+02 0.000000e+00 1.989448e+02 9.039224e+01
1.119854e+02 0.000000e+00 1.989448e+02 -8.695943e+01
1.497646e+01 0.000000e+00 -1.760333e+01 3.257979e+01
-4.672366e+01 0.000000e+00 -1.760333e+01 -2.912033e+01
1.143363e+02 0.000000e+00 4.585352e+01 6.848281e+01
-1.233576e+01 0.000000e+00 4.585352e+01 -5.818928e+01
1.996436e+02 0.000000e+00 1.279917e+02 7.165190e+01
5.710211e+01 0.000000e+00 1.279917e+02 -7.088963e+01
5.162902e+02 0.000000e+00 5.260772e+02 -9.787048e+00
5.367791e+02 0.000000e+00 5.260772e+02 1.070184e+01
3.989639e+02 0.000000e+00 2.648752e+02 1.340887e+02
1.489615e+02 0.000000e+00 2.648752e+02 -1.159138e+02
1.183823e+02 0.000000e+00 7.742337e+01 4.095897e+01
3.344057e+01 0.000000e+00 7.742337e+01 -4.398280e+01
1.564072e+02 0.000000e+00 9.690910e+01 5.949806e+01
3.041190e+01 0.000000e+00 9.690910e+01 -6.649720e+01
3.091734e+02 0.000000e+00 2.433880e+02 6.578548e+01
1.883715e+02 0.000000e+00 2.433880e+02 -5.501642e+01
9.859598e+01 0.000000e+00 6.617381e+01 3.242216e+01
3.221494e+01 0.000000e+00 6.617381e+01 -3.395887e+01
2.308999e+02 0.000000e+00 2.502492e+02 -1.934937e+01
2.711360e+02 0.000000e+00 2.502492e+02 2.088675e+01
3.027387e+02 0.000000e+00 2.614994e+02 4.123938e+01
2.277996e+02 0.000000e+00 2.614994e+02 -3.369978e+01
3.613460e+01 0.000000e+00 7.440784e+01 -3.827324e+01
1.270752e+02 0.000000e+00 7.440784e+01 5.266740e+01
7.719083e+01 0.000000e+00 6.262214e+01 1.456869e+01
4.941059e+01 0.000000e+00 6.262214e+01 -1.321155e+01
7.478897e+01 0.000000e+00 1.128435e+02 -3.805454e+01
1.547970e+02 0.000000e+00 1.128435e+02 4.195353e+01
1.339104e+02 0.000000e+00 6.391394e+01 6.999642e+01
-2.731077e+00 0.000000e+00 6.391394e+01 -6.664501e+01
