4.840303e+02 0.000000e+00 4.204273e+02 6.360300e+01
3.410056e+02 0.000000e+00 4.204273e+02 -7.942166e+01
2.590645e+02 0.000000e+00 2.399412e+02 1.912332e+01
2.177915e+02 0.000000e+00 2.399412e+02 -2.214973e+01
5.377556e+01 0.000000e+00 3.330814e+01 2.046742e+01
2.283318e+01 0.000000e+00 3.330814e+01 -1.047496e+01
5.782235e+02 0.000000e+00 4.672556e+02 1.109679e+02
2.979735e+02 0.000000e+00 4.672556e+02 -1.692820e+02
6.759863e+01 0.000000e+00 9.151815e+01 -2.391952e+01
1.175151e+02 0.000000e+00 9.151815e+01 2.599697e+01
6.735533e+02 0.000000e+00 5.860783e+02 8.747504e+01
5.164457e+02 0.000000e+00 5.860783e+02 -6.963263e+01
1.890086e+02 0.000000e+00 2.097542e+02 -2.074554e+01
2.357546e+02 0.000000e+00 2.097542e+02 2.600046e+01
1.226845e+02 0.000000e+00 4.626083e+01 7.642366e+01
-4.621549e+01 0.000000e+00 4.626083e+01 -9.247632e+01
7.274781e+02 7.280634e+02 7.280634e+02 7.274781e+02
7.285882e+02 7.280634e+02 7.280634e+02 7.285882e+02
8.769763e+01 0.000000e+00 9.920334e+01 -1.150571e+01
1.100424e+02 0.000000e+00 9.920334e+01 1.083910e+01
2.498126e+02 0.000000e+00 1.787479e+02 7.106468e+01
1.161201e+02 0.000000e+00 1.787479e+02 -6.262782e+01
5.693757e+01 0.000000e+00 5.286944e+01 4.068130e+00
4.787157e+01 0.000000e+00 5.286944e+01 -4.997864e+00
1.541935e+02 0.000000e+00 1.197147e+02 3.447878e+01
7.995576e+01 0.000000e+00 1.197147e+02 -3.975891e+01
2.457434e+02 0.000000e+00 2.724273e+02 -2.668398e+01
3.013475e+02 0.000000e+00 2.724273e+02 2.892014e+01
3.790284e+02 0.000000e+00 4.015100e+02 -2.248160e+01
4.224396e+02 0.000000e+00 4.015100e+02 2.092960e+01
2.362043e+02 0.000000e+00 2.012276e+02 3.497668e+01
1.615129e+02 0.000000e+00 2.012276e+02 -3.971471e+01
2.176250e+02 0.000000e+00 2.696422e+02 -5.201712e+01
3.135111e+02 0.000000e+00 2.696422e+02 4.386893e+01
1.836678e+02 0.000000e+00 1.552234e+02 2.844441e+01
1.339440e+02 0.000000e+00 1.552234e+02 -2.127939e+01
2.868472e+01 0.000000e+00 5.995345e+00 2.268938e+01
-4.413958e-01 0.000000e+00 5.995345e+00 -6.436741e+00
1.187554e+02 0.000000e+00 8.374426e+01 3.501109e+01
4.161365e+01 0.000000e+00 8.374426e+01 -4.213062e+01
1.916573e+02 0.000000e+00 1.362109e+02 5.544643e+01
7.622704e+01 0.000000e+00 1.362109e+02 -5.998383e+01
3.646034e+02 0.000000e+00 2.979466e+02 6.665680e+01
2.389286e+02 0.000000e+00 2.979466e+02 -5.901801e+01
2.224765e+02 0.000000e+00 1.865746e+02 3.590192e+01
1.556647e+02 0.000000e+00 1.865746e+02 -3.090985e+01
6.790367e+02 0.000000e+00 6.079021e+02 7.113464e+01
4.913336e+02 0.000000e+00 6.079021e+02 -1.165685e+02
-4.183774e+01 0.000000e+00 3.746067e+01 -7.929841e+01
1.450364e+02 0.000000e+00 3.746067e+01 1.075757e+02
3.052240e+02 0.000000e+00 3.257416e+02 -2.051764e+01
3.431154e+02 0.000000e+00 3.257416e+02 1.737372e+01
