1.866098e+02 0.000000e+00 2.346670e+02 -4.805724e+01
2.746571e+02 0.000000e+00 2.346670e+02 3.999007e+01
3.427888e+02 0.000000e+00 3.140123e+02 2.877646e+01
2.942635e+02 0.000000e+00 3.140123e+02 -1.974881e+01
8.790312e+01 0.000000e+00 9.734067e+01 -9.437546e+00
1.041633e+02 0.000000e+00 9.734067e+01 6.822662e+00
2.079133e+02 0.000000e+00 1.605260e+02 4.738728e+01
9.965240e+01 0.000000e+00 1.605260e+02 -6.087358e+01
2.959340e+02 0.000000e+00 2.831809e+02 1.275302e+01
2.672964e+02 0.000000e+00 2.831809e+02 -1.588449e+01
1.274431e+02 0.000000e+00 1.663803e+02 -3.893719e+01
1.972686e+02 0.000000e+00 1.663803e+02 3.088828e+01
4.349667e+01 0.000000e+00 9.562481e+01 -5.212814e+01
1.532984e+02 0.000000e+00 9.562481e+01 5.767356e+01
2.726162e+02 0.000000e+00 3.250475e+02 -5.243134e+01
3.764138e+02 0.000000e+00 3.250475e+02 5.136627e+01
1.987548e+02 0.000000e+00 2.004504e+02 -1.695526e+00
2.020086e+02 0.000000e+00 2.004504e+02 1.558212e+00
1.080319e+02 0.000000e+00 7.604233e+01 3.198962e+01
4.717569e+01 0.000000e+00 7.604233e+01 -2.886663e+01
4.359298e+02 4.241674e+02 4.241674e+02 4.359298e+02
4.115431e+02 4.241674e+02 4.241674e+02 4.115431e+02
1.591060e+02 0.000000e+00 1.557940e+02 3.312057e+00
1.524585e+02 0.000000e+00 1.557940e+02 -3.335480e+00
1.434817e+02 0.000000e+00 1.290917e+02 1.438997e+01
1.142263e+02 0.000000e+00 1.290917e+02 -1.486539e+01
1.524452e+02 0.000000e+00 1.633237e+02 -1.087857e+01
1.734948e+02 0.000000e+00 1.633237e+02 1.017101e+01
4.705241e+02 0.000000e+00 5.341583e+02 -6.363422e+01
5.959377e+02 0.000000e+00 5.341583e+02 6.177942e+01
1.938672e+02 0.000000e+00 1.524993e+02 4.136790e+01
1.205546e+02 0.000000e+00 1.524993e+02 -3.194471e+01
5.683542e+01 0.000000e+00 3.960385e+01 1.723157e+01
1.802683e+01 0.000000e+00 3.960385e+01 -2.157701e+01
3.054714e+01 0.000000e+00 -5.592120e+01 8.646835e+01
-1.432205e+02 0.000000e+00 -5.592120e+01 -8.729929e+01
3.794026e+02 0.000000e+00 2.074919e+02 1.719107e+02
1.321642e+02 0.000000e+00 2.074919e+02 -7.532771e+01
1.905355e+01 0.000000e+00 6.829162e+01 -4.923807e+01
1.153436e+02 0.000000e+00 6.829162e+01 4.705199e+01
2.949323e+02 0.000000e+00 2.927636e+02 2.168640e+00
2.906948e+02 0.000000e+00 2.927636e+02 -2.068817e+00
3.808783e+02 0.000000e+00 2.780218e+02 1.028564e+02
2.180793e+02 0.000000e+00 2.780218e+02 -5.994257e+01
8.574332e+01 0.000000e+00 1.653865e+02 -7.964320e+01
2.511698e+02 0.000000e+00 1.653865e+02 8.578328e+01
1.582511e+02 0.000000e+00 1.572831e+02 9.679565e-01
1.563338e+02 0.000000e+00 1.572831e+02 -9.493256e-01
1.266726e+02 0.000000e+00 1.166559e+02 1.001669e+01
1.066368e+02 0.000000e+00 1.166559e+02 -1.001907e+01
1.387220e+02 0.000000e+00 4.435412e+01 9.436783e+01
-5.822955e+01 0.000000e+00 4.435412e+01 -1.025837e+02
