1.234741e+02 0.000000e+00 1.160757e+02 7.398411e+00
1.081103e+02 0.000000e+00 1.160757e+02 -7.965400e+00
2.197441e+02 0.000000e+00 1.546196e+02 6.512456e+01
9.413768e+01 0.000000e+00 1.546196e+02 -6.048189e+01
6.291924e+01 0.000000e+00 6.866411e+01 -5.744867e+00
7.421939e+01 0.000000e+00 6.866411e+01 5.555287e+00
2.030816e+02 0.000000e+00 1.487497e+02 5.433191e+01
8.144887e+01 0.000000e+00 1.487497e+02 -6.730084e+01
2.231539e+02 0.000000e+00 1.932524e+02 2.990154e+01
1.546372e+02 0.000000e+00 1.932524e+02 -3.861516e+01
1.241327e+02 0.000000e+00 1.168159e+02 7.316780e+00
1.090162e+02 0.000000e+00 1.168159e+02 -7.799657e+00
1.040239e+02 0.000000e+00 1.221827e+02 -1.815880e+01
1.411544e+02 0.000000e+00 1.221827e+02 1.897176e+01
1.134039e+02 0.000000e+00 1.264708e+02 -1.306689e+01
1.418402e+02 0.000000e+00 1.264708e+02 1.536943e+01
1.276789e+02 0.000000e+00 1.259893e+02 1.689567e+00
1.250085e+02 0.000000e+00 1.259893e+02 -9.807829e-01
8.447447e+01 0.000000e+00 9.707176e+01 -1.259729e+01
1.070011e+02 0.000000e+00 9.707176e+01 9.929330e+00
1.405674e+02 0.000000e+00 1.198254e+02 2.074203e+01
1.021041e+02 0.000000e+00 1.198254e+02 -1.772128e+01
1.946910e+02 0.000000e+00 1.764894e+02 1.820158e+01
1.546380e+02 0.000000e+00 1.764894e+02 -2.185141e+01
1.164036e+02 0.000000e+00 1.145076e+02 1.896047e+00
1.122216e+02 0.000000e+00 1.145076e+02 -2.285983e+00
1.136321e+02 0.000000e+00 1.198182e+02 -6.186113e+00
1.265733e+02 0.000000e+00 1.198182e+02 6.755092e+00
2.934940e+02 0.000000e+00 3.001360e+02 -6.642002e+00
3.071069e+02 0.000000e+00 3.001360e+02 6.970838e+00
1.162552e+02 0.000000e+00 1.015811e+02 1.467409e+01
8.747594e+01 0.000000e+00 1.015811e+02 -1.410519e+01
1.764780e+02 0.000000e+00 1.556610e+02 2.081695e+01
1.379989e+02 0.000000e+00 1.556610e+02 -1.766213e+01
6.883594e+01 0.000000e+00 3.573528e+01 3.310065e+01
-3.563710e+00 0.000000e+00 3.573528e+01 -3.929899e+01
3.397444e+02 2.674461e+02 2.674461e+02 3.397444e+02
2.324499e+02 2.674461e+02 2.674461e+02 2.324499e+02
8.650628e+01 0.000000e+00 9.434181e+01 -7.835538e+00
1.032113e+02 0.000000e+00 9.434181e+01 8.869518e+00
2.106996e+02 0.000000e+00 1.805019e+02 3.019764e+01
1.532634e+02 0.000000e+00 1.805019e+02 -2.723852e+01
1.520521e+02 0.000000e+00 1.047462e+02 4.730588e+01
6.548487e+01 0.000000e+00 1.047462e+02 -3.926133e+01
9.387708e+01 0.000000e+00 1.064535e+02 -1.257646e+01
1.220038e+02 0.000000e+00 1.064535e+02 1.555025e+01
8.644758e+01 0.000000e+00 9.616221e+01 -9.714637e+00
1.056970e+02 0.000000e+00 9.616221e+01 9.534743e+00
6.472532e+01 0.000000e+00 6.426626e+01 4.590582e-01
6.247855e+01 0.000000e+00 6.426626e+01 -1.787709e+00
1.035576e+02 0.000000e+00 8.427307e+01 1.928456e+01
6.448546e+01 0.000000e+00 8.427307e+01 -1.978761e+01
