1.124865e+02 0.000000e+00 1.081266e+02 4.359906e+00
1.030894e+02 0.000000e+00 1.081266e+02 -5.037163e+00
2.117937e+02 0.000000e+00 1.416731e+02 7.012064e+01
7.626831e+01 0.000000e+00 1.416731e+02 -6.540479e+01
5.293182e+01 0.000000e+00 5.414116e+01 -1.209345e+00
5.551831e+01 0.000000e+00 5.414116e+01 1.377145e+00
2.003235e+02 0.000000e+00 1.548515e+02 4.547204e+01
9.972309e+01 0.000000e+00 1.548515e+02 -5.512836e+01
1.902557e+02 0.000000e+00 1.599591e+02 3.029653e+01
1.218651e+02 0.000000e+00 1.599591e+02 -3.809401e+01
1.141151e+02 0.000000e+00 1.009080e+02 1.320709e+01
8.691447e+01 0.000000e+00 1.009080e+02 -1.399355e+01
1.163257e+02 0.000000e+00 1.334155e+02 -1.708982e+01
1.516910e+02 0.000000e+00 1.334155e+02 1.827546e+01
1.201936e+02 0.000000e+00 1.273825e+02 -7.188813e+00
1.358562e+02 0.000000e+00 1.273825e+02 8.473767e+00
1.178858e+02 0.000000e+00 1.208274e+02 -2.941584e+00
1.242258e+02 0.000000e+00 1.208274e+02 3.398423e+00
8.578127e+01 0.000000e+00 1.057214e+02 -1.994009e+01
1.220494e+02 0.000000e+00 1.057214e+02 1.632803e+01
1.320348e+02 0.000000e+00 1.152787e+02 1.675611e+01
1.010302e+02 0.000000e+00 1.152787e+02 -1.424850e+01
3.480841e+02 3.080442e+02 3.080442e+02 3.480841e+02
2.593098e+02 3.080442e+02 3.080442e+02 2.593098e+02
1.172359e+02 0.000000e+00 1.100499e+02 7.186058e+00
1.025128e+02 0.000000e+00 1.100499e+02 -7.537110e+00
7.033128e+01 0.000000e+00 8.442442e+01 -1.409314e+01
9.990625e+01 0.000000e+00 8.442442e+01 1.548183e+01
2.431295e+02 0.000000e+00 2.488743e+02 -5.744801e+00
2.549132e+02 0.000000e+00 2.488743e+02 6.038902e+00
1.069061e+02 0.000000e+00 8.784296e+01 1.906313e+01
6.964933e+01 0.000000e+00 8.784296e+01 -1.819363e+01
1.813333e+02 0.000000e+00 1.569362e+02 2.439711e+01
1.393892e+02 0.000000e+00 1.569362e+02 -1.754701e+01
8.430064e+01 0.000000e+00 3.997563e+01 4.432501e+01
-1.120260e+01 0.000000e+00 3.997563e+01 -5.117823e+01
1.900770e+02 0.000000e+00 1.251350e+02 6.494201e+01
9.473079e+01 0.000000e+00 1.251350e+02 -3.040424e+01
7.397970e+01 0.000000e+00 8.177836e+01 -7.798660e+00
9.083977e+01 0.000000e+00 8.177836e+01 9.061408e+00
2.177858e+02 0.000000e+00 1.793578e+02 3.842801e+01
1.449095e+02 0.000000e+00 1.793578e+02 -3.444824e+01
1.437477e+02 0.000000e+00 1.014918e+02 4.225584e+01
6.460775e+01 0.000000e+00 1.014918e+02 -3.688409e+01
1.088865e+02 0.000000e+00 1.212907e+02 -1.240413e+01
1.368449e+02 0.000000e+00 1.212907e+02 1.555423e+01
1.084939e+02 0.000000e+00 1.052849e+02 3.208975e+00
1.015363e+02 0.000000e+00 1.052849e+02 -3.748632e+00
3.920471e+01 0.000000e+00 3.740906e+01 1.795657e+00
3.439134e+01 0.000000e+00 3.740906e+01 -3.017720e+00
1.109466e+02 0.000000e+00 8.249522e+01 2.845141e+01
5.266177e+01 0.000000e+00 8.249522e+01 -2.983345e+01
