6.381120e+01 0.000000e+00 5.573028e+01 8.080917e+00
4.558523e+01 0.000000e+00 5.573028e+01 -1.014505e+01
2.245786e+02 0.000000e+00 1.360069e+02 8.857169e+01
6.057213e+01 0.000000e+00 1.360069e+02 -7.543480e+01
4.865128e+02 4.374276e+02 4.374276e+02 4.865128e+02
3.810268e+02 4.374276e+02 4.374276e+02 3.810268e+02
3.208320e+02 0.000000e+00 3.022891e+02 1.854285e+01
2.771469e+02 0.000000e+00 3.022891e+02 -2.514221e+01
1.337767e+02 0.000000e+00 9.930898e+01 3.446774e+01
5.117267e+01 0.000000e+00 9.930898e+01 -4.813631e+01
2.069954e+02 0.000000e+00 2.509056e+02 -4.391025e+01
2.916205e+02 0.000000e+00 2.509056e+02 4.071492e+01
1.775313e+02 0.000000e+00 1.941597e+02 -1.662843e+01
2.155922e+02 0.000000e+00 1.941597e+02 2.143246e+01
2.929821e+02 0.000000e+00 2.654862e+02 2.749588e+01
2.293054e+02 0.000000e+00 2.654862e+02 -3.618088e+01
4.274750e+02 0.000000e+00 4.175769e+02 9.898163e+00
4.022544e+02 0.000000e+00 4.175769e+02 -1.532251e+01
6.869698e+01 0.000000e+00 1.000384e+02 -3.134138e+01
1.219958e+02 0.000000e+00 1.000384e+02 2.195750e+01
2.962358e+02 0.000000e+00 2.514859e+02 4.474994e+01
2.192103e+02 0.000000e+00 2.514859e+02 -3.227565e+01
2.052929e+02 0.000000e+00 2.335172e+02 -2.822432e+01
2.600006e+02 0.000000e+00 2.335172e+02 2.648334e+01
4.786144e+02 0.000000e+00 5.151608e+02 -3.654639e+01
5.501202e+02 0.000000e+00 5.151608e+02 3.495941e+01
2.928051e+02 0.000000e+00 2.869464e+02 5.858704e+00
2.802515e+02 0.000000e+00 2.869464e+02 -6.694855e+00
3.796956e+02 0.000000e+00 3.484135e+02 3.128214e+01
3.132670e+02 0.000000e+00 3.484135e+02 -3.514648e+01
2.665223e+02 0.000000e+00 2.672870e+02 -7.647095e-01
2.680350e+02 0.000000e+00 2.672870e+02 7.479858e-01
1.900722e+02 0.000000e+00 1.650778e+02 2.499438e+01
1.392198e+02 0.000000e+00 1.650778e+02 -2.585805e+01
1.284671e+02 0.000000e+00 3.254510e+01 9.592196e+01
-5.562532e+01 0.000000e+00 3.254510e+01 -8.817042e+01
3.776436e+02 0.000000e+00 3.058259e+02 7.181775e+01
2.793525e+02 0.000000e+00 3.058259e+02 -2.647342e+01
2.246942e+02 0.000000e+00 2.716575e+02 -4.696330e+01
3.158201e+02 0.000000e+00 2.716575e+02 4.416254e+01
4.327999e+02 0.000000e+00 3.588815e+02 7.391840e+01
3.005850e+02 0.000000e+00 3.588815e+02 -5.829648e+01
1.600783e+02 0.000000e+00 1.029058e+02 5.717251e+01
4.576767e+01 0.000000e+00 1.029058e+02 -5.713813e+01
2.602697e+02 0.000000e+00 2.683617e+02 -8.092010e+00
2.765648e+02 0.000000e+00 2.683617e+02 8.203064e+00
2.440381e+02 0.000000e+00 2.765058e+02 -3.246768e+01
3.146754e+02 0.000000e+00 2.765058e+02 3.816962e+01
6.301972e+01 0.000000e+00 1.221230e+02 -5.910331e+01
1.905378e+02 0.000000e+00 1.221230e+02 6.841476e+01
1.210475e+02 0.000000e+00 1.545587e+02 -3.351123e+01
1.944860e+02 0.000000e+00 1.545587e+02 3.992731e+01
