1.373203e+02 0.000000e+00 1.258494e+02 1.147091e+01
1.128901e+02 0.000000e+00 1.258494e+02 -1.295931e+01
2.203296e+02 0.000000e+00 1.548203e+02 6.550940e+01
9.367791e+01 0.000000e+00 1.548203e+02 -6.114234e+01
5.815117e+01 0.000000e+00 5.828834e+01 -1.371653e-01
5.876502e+01 0.000000e+00 5.828834e+01 4.766797e-01
2.367522e+02 0.000000e+00 1.742400e+02 6.251216e+01
9.706960e+01 0.000000e+00 1.742400e+02 -7.717040e+01
2.110938e+02 0.000000e+00 1.755059e+02 3.558790e+01
1.296768e+02 0.000000e+00 1.755059e+02 -4.582905e+01
1.588028e+02 0.000000e+00 1.400646e+02 1.873827e+01
1.210067e+02 0.000000e+00 1.400646e+02 -1.905786e+01
1.156532e+02 0.000000e+00 1.338855e+02 -1.823227e+01
1.533063e+02 0.000000e+00 1.338855e+02 1.942083e+01
1.049595e+02 0.000000e+00 1.156381e+02 -1.067862e+01
1.287655e+02 0.000000e+00 1.156381e+02 1.312738e+01
1.679058e+02 0.000000e+00 1.608139e+02 7.091841e+00
1.545628e+02 0.000000e+00 1.608139e+02 -6.251121e+00
9.598188e+01 0.000000e+00 1.167536e+02 -2.077169e+01
1.334043e+02 0.000000e+00 1.167536e+02 1.665073e+01
1.422641e+02 0.000000e+00 1.241099e+02 1.815418e+01
1.083551e+02 0.000000e+00 1.241099e+02 -1.575485e+01
2.582461e+02 0.000000e+00 2.355487e+02 2.269742e+01
2.082618e+02 0.000000e+00 2.355487e+02 -2.728682e+01
1.273149e+02 0.000000e+00 1.240533e+02 3.261625e+00
1.199943e+02 0.000000e+00 1.240533e+02 -4.058989e+00
1.338035e+02 0.000000e+00 1.438852e+02 -1.008172e+01
1.539692e+02 0.000000e+00 1.438852e+02 1.008405e+01
3.049226e+02 0.000000e+00 3.088738e+02 -3.951188e+00
3.128433e+02 0.000000e+00 3.088738e+02 3.969512e+00
1.389252e+02 0.000000e+00 1.189802e+02 1.994494e+01
9.979480e+01 0.000000e+00 1.189802e+02 -1.918544e+01
2.066501e+02 0.000000e+00 1.842912e+02 2.235892e+01
1.667253e+02 0.000000e+00 1.842912e+02 -1.756588e+01
1.224611e+02 0.000000e+00 7.007177e+01 5.238937e+01
9.866702e+00 0.000000e+00 7.007177e+01 -6.020507e+01
1.919545e+02 0.000000e+00 1.508668e+02 4.108768e+01
1.260490e+02 0.000000e+00 1.508668e+02 -2.481777e+01
8.761453e+01 0.000000e+00 1.009087e+02 -1.329416e+01
1.166120e+02 0.000000e+00 1.009087e+02 1.570336e+01
2.485305e+02 0.000000e+00 2.101235e+02 3.840701e+01
1.758575e+02 0.000000e+00 2.101235e+02 -3.426593e+01
1.724940e+02 0.000000e+00 1.197998e+02 5.269421e+01
7.594506e+01 0.000000e+00 1.197998e+02 -4.385473e+01
1.229655e+02 0.000000e+00 1.333747e+02 -1.040927e+01
1.471584e+02 0.000000e+00 1.333747e+02 1.378372e+01
2.771095e+02 2.667871e+02 2.667871e+02 2.771095e+02
2.535552e+02 2.667871e+02 2.667871e+02 2.535552e+02
5.032126e+01 0.000000e+00 5.983381e+01 -9.512544e+00
7.143899e+01 0.000000e+00 5.983381e+01 1.160518e+01
1.219565e+02 0.000000e+00 1.027239e+02 1.923268e+01
8.307109e+01 0.000000e+00 1.027239e+02 -1.965277e+01
