1.278235e+02 0.000000e+00 1.229781e+02 4.845477e+00
1.177111e+02 0.000000e+00 1.229781e+02 -5.266988e+00
1.973258e+02 0.000000e+00 1.248399e+02 7.248584e+01
5.498836e+01 0.000000e+00 1.248399e+02 -6.985157e+01
2.055483e+01 0.000000e+00 2.292359e+01 -2.368759e+00
2.521986e+01 0.000000e+00 2.292359e+01 2.296271e+00
1.924901e+02 0.000000e+00 1.545890e+02 3.790108e+01
1.072537e+02 0.000000e+00 1.545890e+02 -4.733529e+01
1.864134e+02 0.000000e+00 1.461442e+02 4.026920e+01
9.273329e+01 0.000000e+00 1.461442e+02 -5.341089e+01
1.237623e+02 0.000000e+00 1.076641e+02 1.609823e+01
8.980956e+01 0.000000e+00 1.076641e+02 -1.785452e+01
2.562426e+02 2.735525e+02 2.735525e+02 2.562426e+02
2.920619e+02 2.735525e+02 2.735525e+02 2.920619e+02
1.163892e+02 0.000000e+00 1.299768e+02 -1.358757e+01
1.470402e+02 0.000000e+00 1.299768e+02 1.706343e+01
1.151640e+02 0.000000e+00 1.266757e+02 -1.151165e+01
1.386319e+02 0.000000e+00 1.266757e+02 1.195622e+01
7.284855e+01 0.000000e+00 9.818375e+01 -2.533520e+01
1.185980e+02 0.000000e+00 9.818375e+01 2.041426e+01
1.143918e+02 0.000000e+00 1.007443e+02 1.364752e+01
8.924890e+01 0.000000e+00 1.007443e+02 -1.149542e+01
2.315383e+02 0.000000e+00 1.974099e+02 3.412838e+01
1.551189e+02 0.000000e+00 1.974099e+02 -4.229106e+01
1.121577e+02 0.000000e+00 1.018757e+02 1.028198e+01
9.142860e+01 0.000000e+00 1.018757e+02 -1.044715e+01
9.210199e+01 0.000000e+00 1.008606e+02 -8.758603e+00
1.101597e+02 0.000000e+00 1.008606e+02 9.299089e+00
2.655460e+02 0.000000e+00 2.720480e+02 -6.502011e+00
2.787584e+02 0.000000e+00 2.720480e+02 6.710410e+00
1.331320e+02 0.000000e+00 1.137901e+02 1.934187e+01
9.577370e+01 0.000000e+00 1.137901e+02 -1.801641e+01
1.965227e+02 0.000000e+00 1.638286e+02 3.269410e+01
1.383181e+02 0.000000e+00 1.638286e+02 -2.551049e+01
5.460651e+01 0.000000e+00 1.624592e+01 3.836059e+01
-2.875800e+01 0.000000e+00 1.624592e+01 -4.500392e+01
1.721570e+02 0.000000e+00 1.135347e+02 5.862238e+01
8.377612e+01 0.000000e+00 1.135347e+02 -2.975854e+01
6.497884e+01 0.000000e+00 8.034511e+01 -1.536627e+01
9.737280e+01 0.000000e+00 8.034511e+01 1.702769e+01
2.235069e+02 0.000000e+00 1.974206e+02 2.608640e+01
1.735229e+02 0.000000e+00 1.974206e+02 -2.389770e+01
1.326190e+02 0.000000e+00 8.868703e+01 4.393196e+01
5.088556e+01 0.000000e+00 8.868703e+01 -3.780147e+01
1.319493e+02 0.000000e+00 1.354225e+02 -3.473192e+00
1.415017e+02 0.000000e+00 1.354225e+02 6.079140e+00
1.096668e+02 0.000000e+00 9.955770e+01 1.010909e+01
8.888355e+01 0.000000e+00 9.955770e+01 -1.067414e+01
3.022416e+01 0.000000e+00 3.527303e+01 -5.048865e+00
4.252653e+01 0.000000e+00 3.527303e+01 7.253503e+00
1.063802e+02 0.000000e+00 8.332775e+01 2.305246e+01
6.050517e+01 0.000000e+00 8.332775e+01 -2.282258e+01
