1.147707e+02 0.000000e+00 1.048262e+02 9.944586e+00
9.416190e+01 0.000000e+00 1.048262e+02 -1.066426e+01
2.075594e+02 0.000000e+00 1.453843e+02 6.217512e+01
8.612376e+01 0.000000e+00 1.453843e+02 -5.926054e+01
5.244930e+01 0.000000e+00 6.078413e+01 -8.334824e+00
6.828442e+01 0.000000e+00 6.078413e+01 7.500292e+00
2.242572e+02 0.000000e+00 1.607357e+02 6.352150e+01
8.202203e+01 0.000000e+00 1.607357e+02 -7.871366e+01
2.114520e+02 0.000000e+00 1.752064e+02 3.624560e+01
1.274181e+02 0.000000e+00 1.752064e+02 -4.778831e+01
1.405545e+02 0.000000e+00 1.235364e+02 1.701811e+01
1.053423e+02 0.000000e+00 1.235364e+02 -1.819402e+01
1.315676e+02 0.000000e+00 1.443806e+02 -1.281301e+01
1.580418e+02 0.000000e+00 1.443806e+02 1.366115e+01
1.082835e+02 0.000000e+00 1.164004e+02 -8.116878e+00
1.269885e+02 0.000000e+00 1.164004e+02 1.058817e+01
1.482500e+02 0.000000e+00 1.465094e+02 1.740594e+00
1.454057e+02 0.000000e+00 1.465094e+02 -1.103747e+00
9.352299e+01 0.000000e+00 1.069471e+02 -1.342408e+01
1.178993e+02 0.000000e+00 1.069471e+02 1.095222e+01
1.283912e+02 0.000000e+00 1.172706e+02 1.112062e+01
1.080382e+02 0.000000e+00 1.172706e+02 -9.232386e+00
2.318604e+02 0.000000e+00 1.988980e+02 3.296243e+01
1.590533e+02 0.000000e+00 1.988980e+02 -3.984471e+01
1.289867e+02 0.000000e+00 1.244917e+02 4.494976e+00
1.191803e+02 0.000000e+00 1.244917e+02 -5.311392e+00
2.579513e+02 2.673868e+02 2.673868e+02 2.579513e+02
2.768713e+02 2.673868e+02 2.673868e+02 2.768713e+02
2.693143e+02 0.000000e+00 2.734305e+02 -4.116223e+00
2.774549e+02 0.000000e+00 2.734305e+02 4.024347e+00
1.337130e+02 0.000000e+00 1.152050e+02 1.850805e+01
9.726852e+01 0.000000e+00 1.152050e+02 -1.793644e+01
2.104495e+02 0.000000e+00 1.780579e+02 3.239160e+01
1.543440e+02 0.000000e+00 1.780579e+02 -2.371391e+01
9.899072e+01 0.000000e+00 5.781594e+01 4.117478e+01
1.240565e+01 0.000000e+00 5.781594e+01 -4.541029e+01
1.982760e+02 0.000000e+00 1.351682e+02 6.310782e+01
1.031021e+02 0.000000e+00 1.351682e+02 -3.206607e+01
8.429050e+01 0.000000e+00 1.016295e+02 -1.733896e+01
1.210023e+02 0.000000e+00 1.016295e+02 1.937288e+01
2.229326e+02 0.000000e+00 1.937198e+02 2.921283e+01
1.684501e+02 0.000000e+00 1.937198e+02 -2.526969e+01
1.622701e+02 0.000000e+00 1.151586e+02 4.711149e+01
7.671316e+01 0.000000e+00 1.151586e+02 -3.844545e+01
1.202366e+02 0.000000e+00 1.318581e+02 -1.162157e+01
1.460240e+02 0.000000e+00 1.318581e+02 1.416584e+01
1.122836e+02 0.000000e+00 1.099511e+02 2.332529e+00
1.065763e+02 0.000000e+00 1.099511e+02 -3.374799e+00
3.881726e+01 0.000000e+00 4.069512e+01 -1.877855e+00
4.228280e+01 0.000000e+00 4.069512e+01 1.587680e+00
1.113131e+02 0.000000e+00 9.189839e+01 1.941476e+01
7.256147e+01 0.000000e+00 9.189839e+01 -1.933692e+01
