2.168044e+02 0.000000e+00 1.761175e+02 4.068694e+01
1.338742e+02 0.000000e+00 1.761175e+02 -4.224323e+01
1.461842e+02 0.000000e+00 9.348965e+01 5.269451e+01
5.531485e+01 0.000000e+00 9.348965e+01 -3.817480e+01
1.953046e+02 0.000000e+00 1.737894e+02 2.151520e+01
1.592571e+02 0.000000e+00 1.737894e+02 -1.453227e+01
5.198685e+02 0.000000e+00 3.851807e+02 1.346878e+02
1.353944e+02 0.000000e+00 3.851807e+02 -2.497863e+02
2.704067e+02 0.000000e+00 2.503129e+02 2.009381e+01
2.248499e+02 0.000000e+00 2.503129e+02 -2.546304e+01
2.912781e+02 0.000000e+00 1.628750e+02 1.284030e+02
1.285479e+01 0.000000e+00 1.628750e+02 -1.500202e+02
9.852815e+01 0.000000e+00 1.349082e+02 -3.638010e+01
1.729391e+02 0.000000e+00 1.349082e+02 3.803081e+01
2.118586e+02 0.000000e+00 3.009680e+02 -8.910938e+01
3.999853e+02 0.000000e+00 3.009680e+02 9.901727e+01
1.567968e+02 0.000000e+00 1.268653e+02 2.993148e+01
9.697374e+01 0.000000e+00 1.268653e+02 -2.989153e+01
6.156097e+01 0.000000e+00 8.066651e+01 -1.910554e+01
9.546198e+01 0.000000e+00 8.066651e+01 1.479546e+01
2.546469e+02 0.000000e+00 2.042311e+02 5.041576e+01
1.665294e+02 0.000000e+00 2.042311e+02 -3.770166e+01
4.369011e+02 0.000000e+00 4.355224e+02 1.378693e+00
4.342532e+02 0.000000e+00 4.355224e+02 -1.269257e+00
9.799602e+01 0.000000e+00 5.288739e+01 4.510862e+01
6.921298e+00 0.000000e+00 5.288739e+01 -4.596610e+01
2.038236e+02 0.000000e+00 2.616462e+02 -5.782260e+01
3.234525e+02 0.000000e+00 2.616462e+02 6.180624e+01
4.488901e+02 0.000000e+00 4.142873e+02 3.460284e+01
3.711519e+02 0.000000e+00 4.142873e+02 -4.313531e+01
2.447355e+02 0.000000e+00 1.687914e+02 7.594420e+01
9.698892e+01 0.000000e+00 1.687914e+02 -7.180243e+01
6.022351e+02 5.652555e+02 5.652555e+02 6.022351e+02
5.265392e+02 5.652555e+02 5.652555e+02 5.265392e+02
1.039804e+02 0.000000e+00 1.879773e+01 8.518269e+01
-1.149229e+02 0.000000e+00 1.879773e+01 -1.337206e+02
3.325366e+02 0.000000e+00 2.118138e+02 1.207227e+02
1.331699e+02 0.000000e+00 2.118138e+02 -7.864394e+01
1.323615e+02 0.000000e+00 1.330644e+02 -7.029114e-01
1.337722e+02 0.000000e+00 1.330644e+02 7.077484e-01
2.767723e+02 0.000000e+00 2.718076e+02 4.964783e+00
2.679527e+02 0.000000e+00 2.718076e+02 -3.854828e+00
2.284066e+02 0.000000e+00 1.705047e+02 5.790192e+01
1.215204e+02 0.000000e+00 1.705047e+02 -4.898428e+01
6.015776e+01 0.000000e+00 1.182398e+02 -5.808204e+01
1.900250e+02 0.000000e+00 1.182398e+02 7.178518e+01
1.497503e+02 0.000000e+00 1.533896e+02 -3.639282e+00
1.574194e+02 0.000000e+00 1.533896e+02 4.029739e+00
2.646945e+01 0.000000e+00 7.827762e+01 -5.180817e+01
1.509787e+02 0.000000e+00 7.827762e+01 7.270111e+01
3.082139e+02 0.000000e+00 2.577466e+02 5.046729e+01
2.006770e+02 0.000000e+00 2.577466e+02 -5.706960e+01
