8.662029e+01 0.000000e+00 8.666369e+01 -4.339779e-02
8.604207e+01 0.000000e+00 8.666369e+01 -6.216249e-01
1.678260e+02 0.000000e+00 1.060842e+02 6.174176e+01
4.907486e+01 0.000000e+00 1.060842e+02 -5.700934e+01
1.636496e+01 0.000000e+00 1.684103e+01 -4.760725e-01
1.706622e+01 0.000000e+00 1.684103e+01 2.251819e-01
1.619164e+02 0.000000e+00 1.254682e+02 3.644821e+01
8.166984e+01 0.000000e+00 1.254682e+02 -4.379840e+01
1.496751e+02 0.000000e+00 1.289428e+02 2.073232e+01
1.008939e+02 0.000000e+00 1.289428e+02 -2.804891e+01
6.841252e+01 0.000000e+00 6.777330e+01 6.392238e-01
6.730940e+01 0.000000e+00 6.777330e+01 -4.638979e-01
9.510384e+01 0.000000e+00 1.090238e+02 -1.392001e+01
1.234011e+02 0.000000e+00 1.090238e+02 1.437722e+01
8.397264e+01 0.000000e+00 9.313808e+01 -9.165440e+00
1.047146e+02 0.000000e+00 9.313808e+01 1.157647e+01
1.040767e+02 0.000000e+00 1.077678e+02 -3.691042e+00
1.118293e+02 0.000000e+00 1.077678e+02 4.061472e+00
5.243238e+01 0.000000e+00 8.806951e+01 -3.563714e+01
1.172851e+02 0.000000e+00 8.806951e+01 2.921559e+01
1.144487e+02 0.000000e+00 9.831036e+01 1.613834e+01
8.511580e+01 0.000000e+00 9.831036e+01 -1.319456e+01
1.575995e+02 0.000000e+00 1.433353e+02 1.426416e+01
1.265339e+02 0.000000e+00 1.433353e+02 -1.680139e+01
8.386835e+01 0.000000e+00 8.407494e+01 -2.065962e-01
8.472097e+01 0.000000e+00 8.407494e+01 6.460292e-01
4.337587e+01 0.000000e+00 5.066714e+01 -7.291275e+00
5.791284e+01 0.000000e+00 5.066714e+01 7.245693e+00
2.364569e+02 0.000000e+00 2.431657e+02 -6.708838e+00
2.500550e+02 0.000000e+00 2.431657e+02 6.889345e+00
1.017857e+02 0.000000e+00 7.631701e+01 2.546867e+01
5.283192e+01 0.000000e+00 7.631701e+01 -2.348509e+01
1.663006e+02 0.000000e+00 1.422276e+02 2.407300e+01
1.241927e+02 0.000000e+00 1.422276e+02 -1.803490e+01
3.846726e+01 0.000000e+00 3.260303e+00 3.520695e+01
-3.789062e+01 0.000000e+00 3.260303e+00 -4.115093e+01
1.783769e+02 0.000000e+00 1.071896e+02 7.118723e+01
7.272240e+01 0.000000e+00 1.071896e+02 -3.446723e+01
6.281920e+01 0.000000e+00 6.648511e+01 -3.665910e+00
7.097559e+01 0.000000e+00 6.648511e+01 4.490480e+00
3.386959e+02 3.010559e+02 3.010559e+02 3.386959e+02
2.694979e+02 3.010559e+02 3.010559e+02 2.694979e+02
9.444229e+01 0.000000e+00 5.934211e+01 3.510018e+01
2.802059e+01 0.000000e+00 5.934211e+01 -3.132152e+01
8.155620e+01 0.000000e+00 1.002180e+02 -1.866179e+01
1.226791e+02 0.000000e+00 1.002180e+02 2.246114e+01
8.313398e+01 0.000000e+00 8.340882e+01 -2.748404e-01
8.333956e+01 0.000000e+00 8.340882e+01 -6.925754e-02
2.230014e+01 0.000000e+00 2.237275e+01 -7.260336e-02
2.158867e+01 0.000000e+00 2.237275e+01 -7.840730e-01
8.195542e+01 0.000000e+00 6.010320e+01 2.185222e+01
3.700453e+01 0.000000e+00 6.010320e+01 -2.309868e+01
