9.213348e+01 0.000000e+00 9.268103e+01 -5.475553e-01
9.239254e+01 0.000000e+00 9.268103e+01 -2.884908e-01
1.897103e+02 0.000000e+00 1.274354e+02 6.227490e+01
6.932423e+01 0.000000e+00 1.274354e+02 -5.811121e+01
2.316968e+01 0.000000e+00 3.034995e+01 -7.180266e+00
3.642976e+01 0.000000e+00 3.034995e+01 6.079809e+00
1.771078e+02 0.000000e+00 1.300988e+02 4.700896e+01
7.418916e+01 0.000000e+00 1.300988e+02 -5.590965e+01
1.744558e+02 0.000000e+00 1.483342e+02 2.612159e+01
1.145074e+02 0.000000e+00 1.483342e+02 -3.382685e+01
9.332477e+01 0.000000e+00 8.323206e+01 1.009271e+01
7.234755e+01 0.000000e+00 8.323206e+01 -1.088451e+01
9.695517e+01 0.000000e+00 1.162779e+02 -1.932270e+01
1.364873e+02 0.000000e+00 1.162779e+02 2.020945e+01
9.496293e+01 0.000000e+00 1.038718e+02 -8.908867e+00
1.145922e+02 0.000000e+00 1.038718e+02 1.072036e+01
1.133986e+02 0.000000e+00 1.152550e+02 -1.856384e+00
1.173269e+02 0.000000e+00 1.152550e+02 2.071986e+00
7.867965e+01 0.000000e+00 9.969344e+01 -2.101380e+01
1.167395e+02 0.000000e+00 9.969344e+01 1.704603e+01
1.231967e+02 0.000000e+00 1.045754e+02 1.862126e+01
8.935437e+01 0.000000e+00 1.045754e+02 -1.522106e+01
1.820082e+02 0.000000e+00 1.603341e+02 2.167407e+01
1.353983e+02 0.000000e+00 1.603341e+02 -2.493579e+01
9.863357e+01 0.000000e+00 9.677066e+01 1.862915e+00
9.448573e+01 0.000000e+00 9.677066e+01 -2.284930e+00
6.975174e+01 0.000000e+00 7.960431e+01 -9.852569e+00
8.991563e+01 0.000000e+00 7.960431e+01 1.031132e+01
2.302492e+02 0.000000e+00 2.369520e+02 -6.702752e+00
2.438062e+02 0.000000e+00 2.369520e+02 6.854203e+00
1.091089e+02 0.000000e+00 8.777992e+01 2.132899e+01
6.753622e+01 0.000000e+00 8.777992e+01 -2.024370e+01
2.992472e+02 2.728116e+02 2.728116e+02 2.992472e+02
2.521035e+02 2.728116e+02 2.728116e+02 2.521035e+02
7.583371e+01 0.000000e+00 3.298270e+01 4.285101e+01
-1.601276e+01 0.000000e+00 3.298270e+01 -4.899546e+01
1.839337e+02 0.000000e+00 1.143243e+02 6.960938e+01
8.284269e+01 0.000000e+00 1.143243e+02 -3.148160e+01
6.799082e+01 0.000000e+00 7.665744e+01 -8.666626e+00
8.680482e+01 0.000000e+00 7.665744e+01 1.014738e+01
2.296727e+02 0.000000e+00 1.890147e+02 4.065800e+01
1.532559e+02 0.000000e+00 1.890147e+02 -3.575879e+01
1.271565e+02 0.000000e+00 8.953774e+01 3.761874e+01
5.624353e+01 0.000000e+00 8.953774e+01 -3.329421e+01
9.716158e+01 0.000000e+00 1.128403e+02 -1.567871e+01
1.316272e+02 0.000000e+00 1.128403e+02 1.878688e+01
8.912496e+01 0.000000e+00 9.158062e+01 -2.455665e+00
9.407470e+01 0.000000e+00 9.158062e+01 2.494079e+00
3.160694e+01 0.000000e+00 2.100263e+01 1.060431e+01
7.138066e+00 0.000000e+00 2.100263e+01 -1.386456e+01
1.041398e+02 0.000000e+00 7.757489e+01 2.656489e+01
4.959811e+01 0.000000e+00 7.757489e+01 -2.797678e+01
