4.630828e+02 0.000000e+00 3.827308e+02 8.035199e+01
2.967847e+02 0.000000e+00 3.827308e+02 -8.594614e+01
2.182452e+02 0.000000e+00 1.232844e+02 9.496079e+01
4.759662e+01 0.000000e+00 1.232844e+02 -7.568781e+01
3.924586e+01 0.000000e+00 6.451435e+01 -2.526849e+01
8.212305e+01 0.000000e+00 6.451435e+01 1.760870e+01
2.047732e+02 0.000000e+00 6.299666e+01 1.417766e+02
-9.436945e+01 0.000000e+00 6.299666e+01 -1.573661e+02
3.721785e+02 0.000000e+00 3.264478e+02 4.573068e+01
2.759007e+02 0.000000e+00 3.264478e+02 -5.054715e+01
2.394290e+02 0.000000e+00 2.385465e+02 8.824921e-01
2.377000e+02 0.000000e+00 2.385465e+02 -8.465576e-01
1.209844e+02 0.000000e+00 1.566718e+02 -3.568741e+01
1.917469e+02 0.000000e+00 1.566718e+02 3.507509e+01
3.933980e+01 0.000000e+00 8.472604e+01 -4.538625e+01
1.373030e+02 0.000000e+00 8.472604e+01 5.257700e+01
9.673589e+01 0.000000e+00 9.630926e+00 8.710497e+01
-4.946992e+01 0.000000e+00 9.630926e+00 -5.910084e+01
8.933027e+00 0.000000e+00 7.706193e+00 1.226834e+00
6.930950e+00 0.000000e+00 7.706193e+00 -7.752433e-01
8.003917e+01 0.000000e+00 6.271510e+01 1.732407e+01
4.661260e+01 0.000000e+00 6.271510e+01 -1.610250e+01
3.746620e+02 0.000000e+00 3.478126e+02 2.684940e+01
3.197411e+02 0.000000e+00 3.478126e+02 -2.807144e+01
2.962389e+02 0.000000e+00 3.683338e+02 -7.209494e+01
4.276225e+02 0.000000e+00 3.683338e+02 5.928873e+01
6.881577e+01 0.000000e+00 7.669547e+01 -7.879700e+00
8.653049e+01 0.000000e+00 7.669547e+01 9.835022e+00
4.149651e+02 0.000000e+00 4.525926e+02 -3.762747e+01
4.962398e+02 0.000000e+00 4.525926e+02 4.364722e+01
1.203113e+02 0.000000e+00 1.096405e+02 1.067079e+01
9.852444e+01 0.000000e+00 1.096405e+02 -1.111602e+01
4.538769e+02 0.000000e+00 3.566265e+02 9.725043e+01
2.666378e+02 0.000000e+00 3.566265e+02 -8.998865e+01
3.244727e+01 0.000000e+00 1.054322e+01 2.190406e+01
-1.062677e+01 0.000000e+00 1.054322e+01 -2.116999e+01
6.702474e+02 6.023493e+02 6.023493e+02 6.702474e+02
5.588146e+02 6.023493e+02 6.023493e+02 5.588146e+02
2.813917e+01 0.000000e+00 4.796925e+01 -1.983009e+01
6.829620e+01 0.000000e+00 4.796925e+01 2.032695e+01
3.965919e+02 0.000000e+00 4.325203e+02 -3.592841e+01
4.642871e+02 0.000000e+00 4.325203e+02 3.176682e+01
4.721453e+01 0.000000e+00 2.101934e+01 2.619519e+01
2.617788e+00 0.000000e+00 2.101934e+01 -1.840155e+01
-5.798861e+01 0.000000e+00 5.575525e+00 -6.356413e+01
8.358845e+01 0.000000e+00 5.575525e+00 7.801292e+01
1.246722e+02 0.000000e+00 1.694314e+02 -4.475920e+01
2.254119e+02 0.000000e+00 1.694314e+02 5.598042e+01
1.222787e+02 0.000000e+00 1.343678e+02 -1.208909e+01
1.481708e+02 0.000000e+00 1.343678e+02 1.380296e+01
2.460515e+02 0.000000e+00 1.876784e+02 5.837302e+01
1.152264e+02 0.000000e+00 1.876784e+02 -7.245207e+01
