1.477234e+02 0.000000e+00 2.141386e+02 -6.641528e+01
2.704557e+02 0.000000e+00 2.141386e+02 5.631711e+01
7.402859e+02 6.790333e+02 6.790333e+02 7.402859e+02
5.922881e+02 6.790333e+02 6.790333e+02 5.922881e+02
2.965256e+01 0.000000e+00 1.202734e+02 -9.062084e+01
1.912576e+02 0.000000e+00 1.202734e+02 7.098421e+01
2.169704e+02 0.000000e+00 1.376001e+02 7.937036e+01
5.219748e+01 0.000000e+00 1.376001e+02 -8.540259e+01
1.162977e+02 0.000000e+00 1.686939e+02 -5.239627e+01
2.355135e+02 0.000000e+00 1.686939e+02 6.681958e+01
2.112154e+02 0.000000e+00 1.445022e+02 6.671318e+01
7.603658e+01 0.000000e+00 1.445022e+02 -6.846567e+01
-1.186546e+02 0.000000e+00 -5.058820e+01 -6.806643e+01
2.962754e+01 0.000000e+00 -5.058820e+01 8.021574e+01
1.213741e+02 0.000000e+00 1.509957e+02 -2.962163e+01
1.869990e+02 0.000000e+00 1.509957e+02 3.600328e+01
4.296152e+02 0.000000e+00 3.135815e+02 1.160337e+02
1.859340e+02 0.000000e+00 3.135815e+02 -1.276474e+02
3.225107e+02 0.000000e+00 2.303981e+02 9.211264e+01
1.567071e+02 0.000000e+00 2.303981e+02 -7.369099e+01
1.921604e+02 0.000000e+00 2.447282e+02 -5.256775e+01
2.720385e+02 0.000000e+00 2.447282e+02 2.731035e+01
5.919916e+02 0.000000e+00 4.681093e+02 1.238824e+02
3.531674e+02 0.000000e+00 4.681093e+02 -1.149419e+02
3.937666e+01 0.000000e+00 4.780304e+01 -8.426373e+00
5.637607e+01 0.000000e+00 4.780304e+01 8.573032e+00
3.293238e+02 0.000000e+00 3.299218e+02 -5.979919e-01
3.304962e+02 0.000000e+00 3.299218e+02 5.744934e-01
2.736317e+01 0.000000e+00 2.714166e+01 2.215099e-01
2.693637e+01 0.000000e+00 2.714166e+01 -2.052917e-01
2.169788e+02 0.000000e+00 2.705830e+02 -5.360414e+01
3.207233e+02 0.000000e+00 2.705830e+02 5.014035e+01
3.688205e+02 0.000000e+00 3.805921e+02 -1.177164e+01
3.914879e+02 0.000000e+00 3.805921e+02 1.089578e+01
1.635019e+02 0.000000e+00 6.435397e+01 9.914792e+01
-8.634163e+01 0.000000e+00 6.435397e+01 -1.506956e+02
1.700689e+02 0.000000e+00 1.018082e+02 6.826067e+01
5.276301e+01 0.000000e+00 1.018082e+02 -4.904523e+01
1.993916e+02 0.000000e+00 2.376388e+02 -3.824727e+01
2.741829e+02 0.000000e+00 2.376388e+02 3.654402e+01
4.294045e+02 0.000000e+00 2.549476e+02 1.744569e+02
1.101615e+02 0.000000e+00 2.549476e+02 -1.447861e+02
1.363662e+02 0.000000e+00 5.174467e+01 8.462157e+01
-2.059647e+01 0.000000e+00 5.174467e+01 -7.234114e+01
1.924704e+02 0.000000e+00 1.588704e+02 3.360005e+01
1.128767e+02 0.000000e+00 1.588704e+02 -4.599362e+01
4.162494e+02 0.000000e+00 4.594503e+02 -4.320090e+01
5.105313e+02 0.000000e+00 4.594503e+02 5.108102e+01
1.569858e+02 0.000000e+00 7.308609e+01 8.389969e+01
-3.653315e+01 0.000000e+00 7.308609e+01 -1.096192e+02
1.932895e+02 0.000000e+00 8.124668e+01 1.120428e+02
-4.010204e+01 0.000000e+00 8.124668e+01 -1.213487e+02
