1.721736e+02 0.000000e+00 1.324896e+02 3.968399e+01
9.288877e+01 0.000000e+00 1.324896e+02 -3.960087e+01
4.392521e+02 0.000000e+00 2.672801e+02 1.719720e+02
1.380225e+02 0.000000e+00 2.672801e+02 -1.292576e+02
-5.457174e+01 0.000000e+00 -2.549048e+01 -2.908126e+01
-1.133957e+00 0.000000e+00 -2.549048e+01 2.435652e+01
4.350348e+02 0.000000e+00 3.298434e+02 1.051914e+02
1.652799e+02 0.000000e+00 3.298434e+02 -1.645636e+02
1.203884e+02 0.000000e+00 1.006705e+02 1.971793e+01
7.117266e+01 0.000000e+00 1.006705e+02 -2.949783e+01
2.726937e+02 0.000000e+00 2.003176e+02 7.237613e+01
1.393963e+02 0.000000e+00 2.003176e+02 -6.092128e+01
2.634048e+01 0.000000e+00 1.086659e+02 -8.232545e+01
1.781642e+02 0.000000e+00 1.086659e+02 6.949831e+01
1.460941e+02 0.000000e+00 1.655618e+02 -1.946765e+01
1.868614e+02 0.000000e+00 1.655618e+02 2.129962e+01
1.422624e+02 0.000000e+00 1.833978e+02 -4.113538e+01
2.274996e+02 0.000000e+00 1.833978e+02 4.410188e+01
1.034939e+02 0.000000e+00 1.415360e+02 -3.804216e+01
1.727785e+02 0.000000e+00 1.415360e+02 3.124248e+01
1.223352e+02 0.000000e+00 9.502855e+01 2.730661e+01
7.449588e+01 0.000000e+00 9.502855e+01 -2.053267e+01
2.762281e+02 0.000000e+00 2.487564e+02 2.747179e+01
2.195256e+02 0.000000e+00 2.487564e+02 -2.923077e+01
7.959009e+01 0.000000e+00 8.239240e+01 -2.802315e+00
8.497629e+01 0.000000e+00 8.239240e+01 2.583885e+00
6.222442e+01 0.000000e+00 1.076121e+02 -4.538764e+01
1.651030e+02 0.000000e+00 1.076121e+02 5.749091e+01
2.858608e+02 0.000000e+00 3.717104e+02 -8.584958e+01
4.870246e+02 0.000000e+00 3.717104e+02 1.153142e+02
9.094927e+02 8.410387e+02 8.410387e+02 9.094927e+02
7.593749e+02 8.410387e+02 8.410387e+02 7.593749e+02
2.695873e+02 0.000000e+00 1.950373e+02 7.455005e+01
1.328376e+02 0.000000e+00 1.950373e+02 -6.219965e+01
3.559992e+02 0.000000e+00 3.868098e+02 -3.081067e+01
4.430997e+02 0.000000e+00 3.868098e+02 5.628986e+01
1.832089e+02 0.000000e+00 2.335599e+02 -5.035100e+01
2.643543e+02 0.000000e+00 2.335599e+02 3.079446e+01
2.722220e+01 0.000000e+00 5.314879e+01 -2.592659e+01
7.745227e+01 0.000000e+00 5.314879e+01 2.430348e+01
7.179489e+01 0.000000e+00 1.258278e+02 -5.403294e+01
1.679796e+02 0.000000e+00 1.258278e+02 4.215176e+01
2.989777e+02 0.000000e+00 2.498507e+02 4.912700e+01
2.015173e+02 0.000000e+00 2.498507e+02 -4.833339e+01
1.640224e+02 0.000000e+00 1.636916e+02 3.308563e-01
1.632944e+02 0.000000e+00 1.636916e+02 -3.971100e-01
1.693390e+02 0.000000e+00 1.867493e+02 -1.741028e+01
2.051507e+02 0.000000e+00 1.867493e+02 1.840138e+01
2.034474e+02 0.000000e+00 1.585015e+02 4.494586e+01
9.344777e+01 0.000000e+00 1.585015e+02 -6.505374e+01
1.298634e+02 0.000000e+00 8.697194e+01 4.289143e+01
3.903271e+01 0.000000e+00 8.697194e+01 -4.793923e+01
