1.961603e+02 0.000000e+00 2.362017e+02 -4.004135e+01
2.770677e+02 0.000000e+00 2.362017e+02 4.086606e+01
8.157467e+01 0.000000e+00 7.649020e+01 5.084473e+00
7.300027e+01 0.000000e+00 7.649020e+01 -3.489929e+00
5.629478e+01 0.000000e+00 2.837242e+01 2.792236e+01
4.618628e+00 0.000000e+00 2.837242e+01 -2.375380e+01
3.959772e+01 0.000000e+00 3.927539e+01 3.223305e-01
3.889268e+01 0.000000e+00 3.927539e+01 -3.827019e-01
1.906864e+00 0.000000e+00 -5.464107e+01 5.654793e+01
-1.320903e+02 0.000000e+00 -5.464107e+01 -7.744928e+01
7.686030e+02 6.668154e+02 6.668154e+02 7.686030e+02
5.687621e+02 6.668154e+02 6.668154e+02 5.687621e+02
8.128474e+01 0.000000e+00 1.003759e+02 -1.909115e+01
1.207343e+02 0.000000e+00 1.003759e+02 2.035844e+01
-4.782323e+01 0.000000e+00 -6.702921e+01 1.920598e+01
-9.079458e+01 0.000000e+00 -6.702921e+01 -2.376537e+01
1.784873e+02 0.000000e+00 1.894297e+02 -1.094243e+01
1.991202e+02 0.000000e+00 1.894297e+02 9.690521e+00
1.534314e+02 0.000000e+00 7.833051e+01 7.510093e+01
1.881807e+01 0.000000e+00 7.833051e+01 -5.951245e+01
2.162160e+01 0.000000e+00 -3.016564e+01 5.178725e+01
-1.086547e+02 0.000000e+00 -3.016564e+01 -7.848902e+01
1.279558e+02 0.000000e+00 1.037138e+02 2.424199e+01
7.950081e+01 0.000000e+00 1.037138e+02 -2.421301e+01
-9.594131e+01 0.000000e+00 -5.801284e+01 -3.792847e+01
-1.457768e+01 0.000000e+00 -5.801284e+01 4.343516e+01
9.664478e+01 0.000000e+00 1.330025e+02 -3.635776e+01
1.686663e+02 0.000000e+00 1.330025e+02 3.566379e+01
2.386242e+02 0.000000e+00 2.994311e+02 -6.080692e+01
3.492621e+02 0.000000e+00 2.994311e+02 4.983102e+01
6.357563e+01 0.000000e+00 6.826778e+01 -4.692158e+00
7.340635e+01 0.000000e+00 6.826778e+01 5.138565e+00
2.324387e+02 0.000000e+00 1.244859e+02 1.079527e+02
8.506256e+00 0.000000e+00 1.244859e+02 -1.159797e+02
-2.200348e+02 0.000000e+00 -2.595191e+02 3.948428e+01
-3.193760e+02 0.000000e+00 -2.595191e+02 -5.985696e+01
7.150536e-01 0.000000e+00 -1.654517e+01 1.726022e+01
-2.790590e+01 0.000000e+00 -1.654517e+01 -1.136073e+01
3.595605e+01 0.000000e+00 4.779047e+01 -1.183442e+01
5.862431e+01 0.000000e+00 4.779047e+01 1.083384e+01
2.041320e+02 0.000000e+00 2.326273e+02 -2.849538e+01
2.555215e+02 0.000000e+00 2.326273e+02 2.289421e+01
1.055857e+02 0.000000e+00 6.207193e+01 4.351379e+01
1.914727e+01 0.000000e+00 6.207193e+01 -4.292466e+01
-2.536516e+01 0.000000e+00 -2.739844e+00 -2.262531e+01
1.803537e+01 0.000000e+00 -2.739844e+00 2.077521e+01
2.824265e+01 0.000000e+00 2.487153e+01 3.371122e+00
2.139820e+01 0.000000e+00 2.487153e+01 -3.473331e+00
-1.595218e+02 0.000000e+00 -1.191507e+02 -4.037109e+01
-7.924155e+01 0.000000e+00 -1.191507e+02 3.990912e+01
6.144373e+01 0.000000e+00 1.202934e+02 -5.884969e+01
1.655938e+02 0.000000e+00 1.202934e+02 4.530039e+01
