5.494228e+00 0.000000e+00 -5.894253e+01 6.443676e+01
-1.285916e+02 0.000000e+00 -5.894253e+01 -6.964905e+01
1.122379e+02 0.000000e+00 4.373437e+01 6.850352e+01
-1.640383e+01 0.000000e+00 4.373437e+01 -6.013820e+01
1.665275e+02 0.000000e+00 1.062361e+02 6.029140e+01
5.595027e+01 0.000000e+00 1.062361e+02 -5.028581e+01
3.979560e+01 0.000000e+00 -2.808384e+01 6.787943e+01
-1.171028e+02 0.000000e+00 -2.808384e+01 -8.901897e+01
-8.772134e+00 0.000000e+00 3.342402e+01 -4.219615e+01
7.134985e+01 0.000000e+00 3.342402e+01 3.792583e+01
-2.746317e+01 0.000000e+00 -5.768382e+01 3.022065e+01
-8.710770e+01 0.000000e+00 -5.768382e+01 -2.942388e+01
-4.795367e+01 0.000000e+00 -2.202154e+01 -2.593213e+01
2.268297e+01 0.000000e+00 -2.202154e+01 4.470452e+01
-6.575346e+01 0.000000e+00 -6.460479e+01 -1.148666e+00
-6.333275e+01 0.000000e+00 -6.460479e+01 1.272041e+00
2.475951e+01 0.000000e+00 2.440313e+01 3.563766e-01
2.399404e+01 0.000000e+00 2.440313e+01 -4.090900e-01
-5.455725e+01 0.000000e+00 -4.758250e+01 -6.974747e+00
-4.039721e+01 0.000000e+00 -4.758250e+01 7.185291e+00
1.251227e+01 0.000000e+00 -1.471714e+01 2.722941e+01
-4.073972e+01 0.000000e+00 -1.471714e+01 -2.602258e+01
2.344799e+02 0.000000e+00 2.616462e+02 -2.716632e+01
2.907122e+02 0.000000e+00 2.616462e+02 2.906598e+01
-3.688239e+01 0.000000e+00 7.302195e+01 -1.099043e+02
1.548781e+02 0.000000e+00 7.302195e+01 8.185613e+01
-7.336086e+01 0.000000e+00 -9.504562e+01 2.168475e+01
-1.170503e+02 0.000000e+00 -9.504562e+01 -2.200468e+01
1.941481e+02 0.000000e+00 1.499299e+02 4.421814e+01
1.054116e+02 0.000000e+00 1.499299e+02 -4.451832e+01
2.892104e+01 0.000000e+00 3.680817e+01 -7.887131e+00
4.394215e+01 0.000000e+00 3.680817e+01 7.133987e+00
4.063196e+01 0.000000e+00 1.019495e+02 -6.131758e+01
1.467738e+02 0.000000e+00 1.019495e+02 4.482431e+01
2.523421e+01 0.000000e+00 -2.967916e+01 5.491337e+01
-1.256446e+02 0.000000e+00 -2.967916e+01 -9.596543e+01
9.355250e+01 0.000000e+00 4.437163e+01 4.918087e+01
9.867218e+00 0.000000e+00 4.437163e+01 -3.450441e+01
3.805954e+01 0.000000e+00 -3.224319e+01 7.030273e+01
-1.062411e+02 0.000000e+00 -3.224319e+01 -7.399792e+01
2.656876e+01 0.000000e+00 1.311135e+01 1.345741e+01
-1.617736e-01 0.000000e+00 1.311135e+01 -1.327312e+01
1.470351e+02 0.000000e+00 7.571210e+01 7.132302e+01
7.520370e+00 0.000000e+00 7.571210e+01 -6.819173e+01
-1.249275e+02 0.000000e+00 -1.114384e+02 -1.348908e+01
-9.394962e+01 0.000000e+00 -1.114384e+02 1.748881e+01
4.447481e+02 4.592796e+02 4.592796e+02 4.447481e+02
4.742808e+02 4.592796e+02 4.592796e+02 4.742808e+02
9.086216e+00 0.000000e+00 3.630280e+01 -2.721658e+01
7.112094e+01 0.000000e+00 3.630280e+01 3.481814e+01
2.212404e+02 0.000000e+00 9.826671e+01 1.229737e+02
-1.998922e+01 0.000000e+00 9.826671e+01 -1.182559e+02
