2.515774e+02 2.462839e+02 2.462839e+02 2.515774e+02
2.411024e+02 2.462839e+02 2.462839e+02 2.411024e+02
2.123818e+02 0.000000e+00 1.442427e+02 6.813915e+01
7.973550e+01 0.000000e+00 1.442427e+02 -6.450719e+01
5.443660e+01 0.000000e+00 6.117780e+01 -6.741205e+00
6.719214e+01 0.000000e+00 6.117780e+01 6.014339e+00
2.033663e+02 0.000000e+00 1.610196e+02 4.234663e+01
1.092777e+02 0.000000e+00 1.610196e+02 -5.174194e+01
2.049156e+02 0.000000e+00 1.633459e+02 4.156966e+01
1.092442e+02 0.000000e+00 1.633459e+02 -5.410177e+01
1.481735e+02 0.000000e+00 1.331294e+02 1.504415e+01
1.167767e+02 0.000000e+00 1.331294e+02 -1.635266e+01
1.442105e+02 0.000000e+00 1.620489e+02 -1.783838e+01
1.815430e+02 0.000000e+00 1.620489e+02 1.949408e+01
1.131844e+02 0.000000e+00 1.264985e+02 -1.331406e+01
1.430050e+02 0.000000e+00 1.264985e+02 1.650658e+01
1.415672e+02 0.000000e+00 1.459972e+02 -4.429969e+00
1.509171e+02 0.000000e+00 1.459972e+02 4.919911e+00
9.194294e+01 0.000000e+00 1.088976e+02 -1.695464e+01
1.225019e+02 0.000000e+00 1.088976e+02 1.360431e+01
1.311844e+02 0.000000e+00 1.121267e+02 1.905778e+01
9.631460e+01 0.000000e+00 1.121267e+02 -1.581206e+01
2.281602e+02 0.000000e+00 1.966123e+02 3.154781e+01
1.570521e+02 0.000000e+00 1.966123e+02 -3.956028e+01
1.155844e+02 0.000000e+00 1.063641e+02 9.220305e+00
9.709681e+01 0.000000e+00 1.063641e+02 -9.267320e+00
1.028902e+02 0.000000e+00 1.103784e+02 -7.488192e+00
1.185415e+02 0.000000e+00 1.103784e+02 8.163093e+00
2.979222e+02 0.000000e+00 3.028723e+02 -4.950171e+00
3.080385e+02 0.000000e+00 3.028723e+02 5.166121e+00
1.460855e+02 0.000000e+00 1.244686e+02 2.161696e+01
1.045893e+02 0.000000e+00 1.244686e+02 -1.987928e+01
2.160219e+02 0.000000e+00 1.835191e+02 3.250285e+01
1.593529e+02 0.000000e+00 1.835191e+02 -2.416616e+01
8.823249e+01 0.000000e+00 4.539910e+01 4.283339e+01
-3.893918e+00 0.000000e+00 4.539910e+01 -4.929302e+01
2.088135e+02 0.000000e+00 1.387815e+02 7.003200e+01
1.057614e+02 0.000000e+00 1.387815e+02 -3.302008e+01
7.942348e+01 0.000000e+00 9.018889e+01 -1.076541e+01
1.019894e+02 0.000000e+00 9.018889e+01 1.180056e+01
2.297408e+02 0.000000e+00 2.070849e+02 2.265593e+01
1.855351e+02 0.000000e+00 2.070849e+02 -2.154975e+01
1.470092e+02 0.000000e+00 1.062222e+02 4.078701e+01
7.260700e+01 0.000000e+00 1.062222e+02 -3.361519e+01
1.373038e+02 0.000000e+00 1.436033e+02 -6.299559e+00
1.530794e+02 0.000000e+00 1.436033e+02 9.476046e+00
1.207692e+02 0.000000e+00 1.143942e+02 6.375032e+00
1.076120e+02 0.000000e+00 1.143942e+02 -6.782151e+00
4.906123e+01 0.000000e+00 5.101698e+01 -1.955752e+00
5.374316e+01 0.000000e+00 5.101698e+01 2.726176e+00
1.373033e+02 0.000000e+00 1.135545e+02 2.374881e+01
9.000506e+01 0.000000e+00 1.135545e+02 -2.354947e+01
