-1.282234e+01 0.000000e+00 4.494562e+01 -5.776797e+01
1.047780e+02 0.000000e+00 4.494562e+01 5.983241e+01
2.034245e+02 0.000000e+00 1.573846e+02 4.603996e+01
1.163268e+02 0.000000e+00 1.573846e+02 -4.105779e+01
2.930102e+02 0.000000e+00 2.710245e+02 2.198572e+01
2.571738e+02 0.000000e+00 2.710245e+02 -1.385065e+01
2.079078e+02 0.000000e+00 1.730787e+02 3.482903e+01
1.258703e+02 0.000000e+00 1.730787e+02 -4.720839e+01
1.782018e+02 0.000000e+00 1.790954e+02 -8.935699e-01
1.800346e+02 0.000000e+00 1.790954e+02 9.392242e-01
9.001817e+01 0.000000e+00 7.924042e+01 1.077775e+01
6.547693e+01 0.000000e+00 7.924042e+01 -1.376349e+01
5.998780e+01 0.000000e+00 5.764087e+01 2.346935e+00
5.525553e+01 0.000000e+00 5.764087e+01 -2.385342e+00
1.356579e+02 0.000000e+00 1.666206e+02 -3.096274e+01
2.012659e+02 0.000000e+00 1.666206e+02 3.464529e+01
1.101703e+02 0.000000e+00 4.617456e+01 6.399571e+01
1.137289e+00 0.000000e+00 4.617456e+01 -4.503728e+01
1.904014e+02 0.000000e+00 1.391016e+02 5.129976e+01
8.743312e+01 0.000000e+00 1.391016e+02 -5.166852e+01
1.132676e+02 0.000000e+00 1.346265e+02 -2.135889e+01
1.479411e+02 0.000000e+00 1.346265e+02 1.331464e+01
1.986941e+02 0.000000e+00 1.769955e+02 2.169852e+01
1.515497e+02 0.000000e+00 1.769955e+02 -2.544583e+01
1.395485e+02 0.000000e+00 1.661600e+02 -2.661151e+01
1.937541e+02 0.000000e+00 1.661600e+02 2.759406e+01
7.296669e+01 0.000000e+00 7.900743e+01 -6.040741e+00
8.574904e+01 0.000000e+00 7.900743e+01 6.741608e+00
2.593012e+02 0.000000e+00 2.801351e+02 -2.083392e+01
2.987493e+02 0.000000e+00 2.801351e+02 1.861420e+01
2.311232e+02 0.000000e+00 1.961718e+02 3.495135e+01
1.631850e+02 0.000000e+00 1.961718e+02 -3.298683e+01
2.097765e+02 0.000000e+00 2.244300e+02 -1.465352e+01
2.390781e+02 0.000000e+00 2.244300e+02 1.464810e+01
9.753197e+01 0.000000e+00 7.701047e+01 2.052151e+01
5.471481e+01 0.000000e+00 7.701047e+01 -2.229565e+01
2.756399e+02 0.000000e+00 2.465652e+02 2.907472e+01
2.286264e+02 0.000000e+00 2.465652e+02 -1.793877e+01
5.427942e+02 5.382424e+02 5.382424e+02 5.427942e+02
5.335703e+02 5.382424e+02 5.382424e+02 5.335703e+02
1.145936e+01 0.000000e+00 -5.551237e+00 1.701059e+01
-2.237216e+01 0.000000e+00 -5.551237e+00 -1.682092e+01
1.927969e+02 0.000000e+00 1.741416e+02 1.865523e+01
1.570274e+02 0.000000e+00 1.741416e+02 -1.711424e+01
4.413824e+01 0.000000e+00 6.513669e+01 -2.099845e+01
9.161740e+01 0.000000e+00 6.513669e+01 2.648071e+01
1.243551e+02 0.000000e+00 9.708788e+01 2.726723e+01
6.671048e+01 0.000000e+00 9.708788e+01 -3.037740e+01
1.526483e+02 0.000000e+00 9.347205e+01 5.917622e+01
2.881394e+01 0.000000e+00 9.347205e+01 -6.465811e+01
9.383858e+01 0.000000e+00 1.132942e+02 -1.945559e+01
1.355399e+02 0.000000e+00 1.132942e+02 2.224570e+01
