2.918168e+02 0.000000e+00 2.386746e+02 5.314214e+01
1.903416e+02 0.000000e+00 2.386746e+02 -4.833302e+01
1.036422e+02 0.000000e+00 1.109185e+02 -7.276306e+00
1.179604e+02 0.000000e+00 1.109185e+02 7.041985e+00
-7.263968e+01 0.000000e+00 -8.501155e+00 -6.413852e+01
4.869350e+01 0.000000e+00 -8.501155e+00 5.719465e+01
1.438920e+02 0.000000e+00 4.708009e+01 9.681187e+01
-6.699297e+01 0.000000e+00 4.708009e+01 -1.140731e+02
2.923658e+02 0.000000e+00 2.607466e+02 3.161923e+01
2.184592e+02 0.000000e+00 2.607466e+02 -4.228740e+01
1.715704e+02 0.000000e+00 1.620411e+02 9.529327e+00
1.530788e+02 0.000000e+00 1.620411e+02 -8.962280e+00
1.029223e+02 0.000000e+00 1.008545e+02 2.067810e+00
9.885887e+01 0.000000e+00 1.008545e+02 -1.995621e+00
1.183318e+02 0.000000e+00 1.533095e+02 -3.497772e+01
2.072402e+02 0.000000e+00 1.533095e+02 5.393069e+01
1.136868e+02 0.000000e+00 5.185302e+01 6.183374e+01
-4.784503e+00 0.000000e+00 5.185302e+01 -5.663753e+01
9.040871e+01 0.000000e+00 1.204244e+02 -3.001572e+01
1.418173e+02 0.000000e+00 1.204244e+02 2.139285e+01
2.397285e+02 0.000000e+00 1.639282e+02 7.580032e+01
7.282438e+01 0.000000e+00 1.639282e+02 -9.110378e+01
-1.068364e+02 0.000000e+00 -9.974899e+01 -7.087463e+00
-9.178053e+01 0.000000e+00 -9.974899e+01 7.968460e+00
2.891100e+02 0.000000e+00 2.800392e+02 9.070770e+00
2.708353e+02 0.000000e+00 2.800392e+02 -9.203979e+00
3.756327e+02 0.000000e+00 4.214987e+02 -4.586600e+01
4.686176e+02 0.000000e+00 4.214987e+02 4.711893e+01
1.009103e+03 1.012432e+03 1.012432e+03 1.009103e+03
1.015859e+03 1.012432e+03 1.012432e+03 1.015859e+03
3.690305e+01 0.000000e+00 3.392904e+01 2.974010e+00
3.052949e+01 0.000000e+00 3.392904e+01 -3.399548e+00
2.264824e+02 0.000000e+00 2.031856e+02 2.329681e+01
1.871427e+02 0.000000e+00 2.031856e+02 -1.604295e+01
1.706885e+02 0.000000e+00 1.053024e+02 6.538609e+01
4.345607e+01 0.000000e+00 1.053024e+02 -6.184635e+01
2.447021e+02 0.000000e+00 1.476798e+02 9.702228e+01
1.039577e+02 0.000000e+00 1.476798e+02 -4.372205e+01
-7.182317e+01 0.000000e+00 1.651827e+01 -8.834144e+01
1.075701e+02 0.000000e+00 1.651827e+01 9.105181e+01
2.830323e+02 0.000000e+00 2.452444e+02 3.778790e+01
2.094095e+02 0.000000e+00 2.452444e+02 -3.583485e+01
1.026521e+01 0.000000e+00 -5.292538e+01 6.319059e+01
-9.557312e+01 0.000000e+00 -5.292538e+01 -4.264774e+01
6.765414e+01 0.000000e+00 1.445114e+02 -7.685731e+01
2.337943e+02 0.000000e+00 1.445114e+02 8.928288e+01
3.011242e+01 0.000000e+00 -2.572022e+01 5.583265e+01
-7.597568e+01 0.000000e+00 -2.572022e+01 -5.025545e+01
-1.277668e+01 0.000000e+00 -1.780439e+01 5.027706e+00
-2.327913e+01 0.000000e+00 -1.780439e+01 -5.474745e+00
2.264883e+01 0.000000e+00 -2.219408e+01 4.484291e+01
-7.679612e+01 0.000000e+00 -2.219408e+01 -5.460204e+01
