1.125739e+02 0.000000e+00 1.074600e+02 5.113894e+00
1.020473e+02 0.000000e+00 1.074600e+02 -5.412703e+00
2.177752e+02 0.000000e+00 1.532802e+02 6.449501e+01
9.428645e+01 0.000000e+00 1.532802e+02 -5.899377e+01
5.741075e+01 0.000000e+00 5.901799e+01 -1.607249e+00
6.074119e+01 0.000000e+00 5.901799e+01 1.723194e+00
1.966985e+02 0.000000e+00 1.541373e+02 4.256119e+01
1.016896e+02 0.000000e+00 1.541373e+02 -5.244770e+01
2.024702e+02 0.000000e+00 1.767684e+02 2.570177e+01
1.445879e+02 0.000000e+00 1.767684e+02 -3.218054e+01
1.124647e+02 0.000000e+00 9.867471e+01 1.378997e+01
8.322330e+01 0.000000e+00 9.867471e+01 -1.545141e+01
1.060608e+02 0.000000e+00 1.313893e+02 -2.532847e+01
1.586240e+02 0.000000e+00 1.313893e+02 2.723474e+01
1.177083e+02 0.000000e+00 1.320337e+02 -1.432535e+01
1.487956e+02 0.000000e+00 1.320337e+02 1.676196e+01
1.115675e+02 0.000000e+00 1.126846e+02 -1.117084e+00
1.137498e+02 0.000000e+00 1.126846e+02 1.065186e+00
7.542358e+01 0.000000e+00 9.823117e+01 -2.280759e+01
1.161069e+02 0.000000e+00 9.823117e+01 1.787569e+01
2.558835e+02 2.277183e+02 2.277183e+02 2.558835e+02
2.032603e+02 2.277183e+02 2.277183e+02 2.032603e+02
2.163344e+02 0.000000e+00 1.916974e+02 2.463699e+01
1.622881e+02 0.000000e+00 1.916974e+02 -2.940931e+01
1.119487e+02 0.000000e+00 1.064378e+02 5.510906e+00
1.004298e+02 0.000000e+00 1.064378e+02 -6.008079e+00
8.342611e+01 0.000000e+00 9.312155e+01 -9.695441e+00
1.037973e+02 0.000000e+00 9.312155e+01 1.067575e+01
2.512951e+02 0.000000e+00 2.596541e+02 -8.359080e+00
2.684293e+02 0.000000e+00 2.596541e+02 8.775131e+00
1.079493e+02 0.000000e+00 8.712031e+01 2.082898e+01
6.724352e+01 0.000000e+00 8.712031e+01 -1.987679e+01
1.921696e+02 0.000000e+00 1.697204e+02 2.244921e+01
1.540295e+02 0.000000e+00 1.697204e+02 -1.569089e+01
8.093318e+01 0.000000e+00 3.981985e+01 4.111333e+01
-7.375254e+00 0.000000e+00 3.981985e+01 -4.719511e+01
2.199603e+02 0.000000e+00 1.308525e+02 8.910788e+01
9.112862e+01 0.000000e+00 1.308525e+02 -3.972383e+01
8.766070e+01 0.000000e+00 9.039312e+01 -2.732420e+00
9.328943e+01 0.000000e+00 9.039312e+01 2.896316e+00
2.279891e+02 0.000000e+00 1.946215e+02 3.336756e+01
1.656680e+02 0.000000e+00 1.946215e+02 -2.895353e+01
1.466546e+02 0.000000e+00 1.083819e+02 3.827263e+01
7.549738e+01 0.000000e+00 1.083819e+02 -3.288454e+01
1.144292e+02 0.000000e+00 1.300467e+02 -1.561752e+01
1.492895e+02 0.000000e+00 1.300467e+02 1.924274e+01
9.042909e+01 0.000000e+00 9.406117e+01 -3.632081e+00
9.774142e+01 0.000000e+00 9.406117e+01 3.680251e+00
5.146444e+01 0.000000e+00 4.315106e+01 8.313377e+00
3.124648e+01 0.000000e+00 4.315106e+01 -1.190458e+01
9.429069e+01 0.000000e+00 6.936669e+01 2.492399e+01
4.317816e+01 0.000000e+00 6.936669e+01 -2.618853e+01
