1.232953e+02 0.000000e+00 1.196523e+02 3.643038e+00
1.157215e+02 0.000000e+00 1.196523e+02 -3.930744e+00
3.179364e+02 2.454127e+02 2.454127e+02 3.179364e+02
1.783724e+02 2.454127e+02 2.454127e+02 1.783724e+02
5.789976e+01 0.000000e+00 6.465154e+01 -6.751779e+00
7.065481e+01 0.000000e+00 6.465154e+01 6.003279e+00
2.121718e+02 0.000000e+00 1.592001e+02 5.297164e+01
9.654170e+01 0.000000e+00 1.592001e+02 -6.265842e+01
2.033025e+02 0.000000e+00 1.794341e+02 2.386839e+01
1.487601e+02 0.000000e+00 1.794341e+02 -3.067407e+01
1.185485e+02 0.000000e+00 1.072456e+02 1.130291e+01
9.505035e+01 0.000000e+00 1.072456e+02 -1.219522e+01
1.032404e+02 0.000000e+00 1.297638e+02 -2.652342e+01
1.579967e+02 0.000000e+00 1.297638e+02 2.823295e+01
1.212375e+02 0.000000e+00 1.347272e+02 -1.348975e+01
1.505190e+02 0.000000e+00 1.347272e+02 1.579181e+01
1.282658e+02 0.000000e+00 1.303021e+02 -2.036242e+00
1.326368e+02 0.000000e+00 1.303021e+02 2.334747e+00
1.005679e+02 0.000000e+00 1.132630e+02 -1.269505e+01
1.237524e+02 0.000000e+00 1.132630e+02 1.048944e+01
1.437528e+02 0.000000e+00 1.264868e+02 1.726600e+01
1.117653e+02 0.000000e+00 1.264868e+02 -1.472147e+01
2.269920e+02 0.000000e+00 2.026266e+02 2.436543e+01
1.735709e+02 0.000000e+00 2.026266e+02 -2.905563e+01
1.204196e+02 0.000000e+00 1.138788e+02 6.540795e+00
1.067928e+02 0.000000e+00 1.138788e+02 -7.086038e+00
9.911626e+01 0.000000e+00 1.072680e+02 -8.151705e+00
1.163903e+02 0.000000e+00 1.072680e+02 9.122334e+00
2.700350e+02 0.000000e+00 2.729977e+02 -2.962695e+00
2.762810e+02 0.000000e+00 2.729977e+02 3.283351e+00
1.149806e+02 0.000000e+00 9.958004e+01 1.540053e+01
8.502664e+01 0.000000e+00 9.958004e+01 -1.455340e+01
1.924514e+02 0.000000e+00 1.726450e+02 1.980643e+01
1.580602e+02 0.000000e+00 1.726450e+02 -1.458475e+01
8.491077e+01 0.000000e+00 4.352332e+01 4.138745e+01
-4.811203e+00 0.000000e+00 4.352332e+01 -4.833452e+01
2.344361e+02 0.000000e+00 1.454348e+02 8.900131e+01
1.058998e+02 0.000000e+00 1.454348e+02 -3.953501e+01
9.015225e+01 0.000000e+00 9.771269e+01 -7.560435e+00
1.058807e+02 0.000000e+00 9.771269e+01 8.168062e+00
2.098389e+02 0.000000e+00 1.723136e+02 3.752533e+01
1.377764e+02 0.000000e+00 1.723136e+02 -3.453721e+01
1.497278e+02 0.000000e+00 1.109270e+02 3.880082e+01
7.921891e+01 0.000000e+00 1.109270e+02 -3.170808e+01
1.113891e+02 0.000000e+00 1.246055e+02 -1.321643e+01
1.413023e+02 0.000000e+00 1.246055e+02 1.669686e+01
9.078137e+01 0.000000e+00 9.841197e+01 -7.630598e+00
1.063546e+02 0.000000e+00 9.841197e+01 7.942629e+00
5.747564e+01 0.000000e+00 4.663291e+01 1.084273e+01
3.152668e+01 0.000000e+00 4.663291e+01 -1.510623e+01
1.082319e+02 0.000000e+00 8.252382e+01 2.570809e+01
5.590467e+01 0.000000e+00 8.252382e+01 -2.661916e+01
