6.066339e+02 5.051107e+02 5.051107e+02 6.066339e+02
4.026281e+02 5.051107e+02 5.051107e+02 4.026281e+02
2.338836e+02 0.000000e+00 1.528391e+02 8.104451e+01
8.571438e+01 0.000000e+00 1.528391e+02 -6.712472e+01
1.736536e+01 0.000000e+00 5.537785e+01 -3.801249e+01
8.316314e+01 0.000000e+00 5.537785e+01 2.778529e+01
1.829248e+02 0.000000e+00 6.801394e+01 1.149109e+02
-7.543252e+01 0.000000e+00 6.801394e+01 -1.434465e+02
4.232518e+02 0.000000e+00 3.261532e+02 9.709857e+01
2.258819e+02 0.000000e+00 3.261532e+02 -1.002713e+02
1.746084e+02 0.000000e+00 1.656019e+02 9.006454e+00
1.559654e+02 0.000000e+00 1.656019e+02 -9.636551e+00
3.049869e+01 0.000000e+00 9.629739e+01 -6.579870e+01
1.678661e+02 0.000000e+00 9.629739e+01 7.156871e+01
4.621130e+01 0.000000e+00 1.005048e+02 -5.429346e+01
1.690857e+02 0.000000e+00 1.005048e+02 6.858092e+01
5.489559e+01 0.000000e+00 1.671971e+01 3.817588e+01
-1.554445e+01 0.000000e+00 1.671971e+01 -3.226415e+01
8.388010e+00 0.000000e+00 3.303968e+01 -2.465167e+01
4.927390e+01 0.000000e+00 3.303968e+01 1.623421e+01
7.727848e+01 0.000000e+00 7.276778e+01 4.510696e+00
6.925663e+01 0.000000e+00 7.276778e+01 -3.511154e+00
3.017479e+02 0.000000e+00 2.735725e+02 2.817545e+01
2.430330e+02 0.000000e+00 2.735725e+02 -3.053946e+01
2.311149e+02 0.000000e+00 3.324893e+02 -1.013744e+02
4.150431e+02 0.000000e+00 3.324893e+02 8.255377e+01
7.131968e+01 0.000000e+00 7.184693e+01 -5.272522e-01
7.250126e+01 0.000000e+00 7.184693e+01 6.543274e-01
4.187244e+02 0.000000e+00 4.132561e+02 5.468292e+00
4.068847e+02 0.000000e+00 4.132561e+02 -6.371429e+00
1.501185e+02 0.000000e+00 1.476527e+02 2.465805e+00
1.453618e+02 0.000000e+00 1.476527e+02 -2.290939e+00
4.003237e+02 0.000000e+00 3.127922e+02 8.753149e+01
2.324458e+02 0.000000e+00 3.127922e+02 -8.034639e+01
2.605861e+01 0.000000e+00 2.919840e+01 -3.139790e+00
3.212132e+01 0.000000e+00 2.919840e+01 2.922918e+00
5.667081e+02 0.000000e+00 5.216747e+02 4.503333e+01
4.925135e+02 0.000000e+00 5.216747e+02 -2.916129e+01
-5.279264e+01 0.000000e+00 1.252351e-01 -5.291787e+01
6.041070e+01 0.000000e+00 1.252351e-01 6.028546e+01
3.831307e+02 0.000000e+00 4.297895e+02 -4.665875e+01
4.730696e+02 0.000000e+00 4.297895e+02 4.328012e+01
5.921606e+01 0.000000e+00 4.928349e+01 9.932571e+00
4.109306e+01 0.000000e+00 4.928349e+01 -8.190434e+00
-2.931653e+01 0.000000e+00 5.167066e+01 -8.098719e+01
1.664363e+02 0.000000e+00 5.167066e+01 1.147657e+02
5.708774e+01 0.000000e+00 8.931449e+01 -3.222675e+01
1.305849e+02 0.000000e+00 8.931449e+01 4.127038e+01
1.171570e+02 0.000000e+00 1.551590e+02 -3.800201e+01
2.015711e+02 0.000000e+00 1.551590e+02 4.641208e+01
3.010896e+02 0.000000e+00 2.233711e+02 7.771849e+01
1.286140e+02 0.000000e+00 2.233711e+02 -9.475716e+01
