1.341878e+02 0.000000e+00 1.284844e+02 5.703445e+00
1.231584e+02 0.000000e+00 1.284844e+02 -5.325994e+00
1.973873e+02 0.000000e+00 1.369494e+02 6.043787e+01
8.181135e+01 0.000000e+00 1.369494e+02 -5.513808e+01
4.024171e+01 0.000000e+00 4.368135e+01 -3.439642e+00
4.665393e+01 0.000000e+00 4.368135e+01 2.972576e+00
2.344777e+02 0.000000e+00 1.888638e+02 4.561395e+01
1.294504e+02 0.000000e+00 1.888638e+02 -5.941335e+01
1.869120e+02 0.000000e+00 1.536486e+02 3.326345e+01
1.094595e+02 0.000000e+00 1.536486e+02 -4.418910e+01
1.051689e+02 0.000000e+00 1.016877e+02 3.481225e+00
9.860068e+01 0.000000e+00 1.016877e+02 -3.087024e+00
1.479562e+02 0.000000e+00 1.611405e+02 -1.318429e+01
1.752813e+02 0.000000e+00 1.611405e+02 1.414084e+01
1.349001e+02 0.000000e+00 1.535581e+02 -1.865800e+01
1.754888e+02 0.000000e+00 1.535581e+02 2.193073e+01
1.564377e+02 0.000000e+00 1.586037e+02 -2.165965e+00
1.610430e+02 0.000000e+00 1.586037e+02 2.439339e+00
8.796583e+01 0.000000e+00 1.138244e+02 -2.585858e+01
1.343596e+02 0.000000e+00 1.138244e+02 2.053521e+01
1.305089e+02 0.000000e+00 1.171140e+02 1.339487e+01
1.062194e+02 0.000000e+00 1.171140e+02 -1.089467e+01
2.200706e+02 0.000000e+00 1.902076e+02 2.986295e+01
1.536327e+02 0.000000e+00 1.902076e+02 -3.657496e+01
1.357997e+02 0.000000e+00 1.397352e+02 -3.935498e+00
1.440793e+02 0.000000e+00 1.397352e+02 4.344032e+00
1.340588e+02 0.000000e+00 1.353191e+02 -1.260265e+00
1.358718e+02 0.000000e+00 1.353191e+02 5.527034e-01
3.404581e+02 0.000000e+00 3.402641e+02 1.939559e-01
3.402201e+02 0.000000e+00 3.402641e+02 -4.409501e-02
3.322320e+02 2.964375e+02 2.964375e+02 3.322320e+02
2.613041e+02 2.964375e+02 2.964375e+02 2.613041e+02
2.422734e+02 0.000000e+00 2.032750e+02 3.899845e+01
1.735149e+02 0.000000e+00 2.032750e+02 -2.976007e+01
9.562064e+01 0.000000e+00 5.830102e+01 3.731962e+01
1.562165e+01 0.000000e+00 5.830102e+01 -4.267937e+01
2.027452e+02 0.000000e+00 1.351753e+02 6.756986e+01
1.022697e+02 0.000000e+00 1.351753e+02 -3.290559e+01
1.197251e+02 0.000000e+00 1.259105e+02 -6.185367e+00
1.329607e+02 0.000000e+00 1.259105e+02 7.050252e+00
2.614770e+02 0.000000e+00 2.520823e+02 9.394669e+00
2.448974e+02 0.000000e+00 2.520823e+02 -7.184881e+00
1.551679e+02 0.000000e+00 1.103933e+02 4.477460e+01
7.238409e+01 0.000000e+00 1.103933e+02 -3.800919e+01
1.226323e+02 0.000000e+00 1.300391e+02 -7.406771e+00
1.396202e+02 0.000000e+00 1.300391e+02 9.581102e+00
1.209641e+02 0.000000e+00 1.107247e+02 1.023938e+01
9.906796e+01 0.000000e+00 1.107247e+02 -1.165675e+01
5.024163e+01 0.000000e+00 6.277340e+01 -1.253177e+01
7.863641e+01 0.000000e+00 6.277340e+01 1.586301e+01
1.164746e+02 0.000000e+00 1.040099e+02 1.246470e+01
9.201932e+01 0.000000e+00 1.040099e+02 -1.199061e+01
