1.155795e+02 0.000000e+00 1.107542e+02 4.825336e+00
1.053017e+02 0.000000e+00 1.107542e+02 -5.452430e+00
2.249400e+02 0.000000e+00 1.584178e+02 6.652221e+01
9.794844e+01 0.000000e+00 1.584178e+02 -6.046933e+01
6.886255e+01 0.000000e+00 6.771101e+01 1.151541e+00
6.683255e+01 0.000000e+00 6.771101e+01 -8.784600e-01
2.317661e+02 0.000000e+00 1.860161e+02 4.574993e+01
1.285169e+02 0.000000e+00 1.860161e+02 -5.749927e+01
2.046501e+02 0.000000e+00 1.784161e+02 2.623401e+01
1.442415e+02 0.000000e+00 1.784161e+02 -3.417464e+01
1.094467e+02 0.000000e+00 1.046673e+02 4.779408e+00
9.945664e+01 0.000000e+00 1.046673e+02 -5.210627e+00
1.229927e+02 0.000000e+00 1.464350e+02 -2.344232e+01
1.717782e+02 0.000000e+00 1.464350e+02 2.534326e+01
2.733321e+02 2.840694e+02 2.840694e+02 2.733321e+02
2.964740e+02 2.840694e+02 2.840694e+02 2.964740e+02
1.310632e+02 0.000000e+00 1.328297e+02 -1.766514e+00
1.347929e+02 0.000000e+00 1.328297e+02 1.963195e+00
9.895261e+01 0.000000e+00 1.173932e+02 -1.844054e+01
1.320740e+02 0.000000e+00 1.173932e+02 1.468086e+01
1.541256e+02 0.000000e+00 1.370554e+02 1.707015e+01
1.222296e+02 0.000000e+00 1.370554e+02 -1.482577e+01
2.380674e+02 0.000000e+00 2.100941e+02 2.797333e+01
1.758970e+02 0.000000e+00 2.100941e+02 -3.419713e+01
1.429764e+02 0.000000e+00 1.326622e+02 1.031422e+01
1.218655e+02 0.000000e+00 1.326622e+02 -1.079670e+01
1.019886e+02 0.000000e+00 1.134827e+02 -1.149416e+01
1.256833e+02 0.000000e+00 1.134827e+02 1.220058e+01
2.784904e+02 0.000000e+00 2.794660e+02 -9.755338e-01
2.806386e+02 0.000000e+00 2.794660e+02 1.172692e+00
1.477210e+02 0.000000e+00 1.252942e+02 2.242681e+01
1.033031e+02 0.000000e+00 1.252942e+02 -2.199111e+01
2.082986e+02 0.000000e+00 1.788771e+02 2.942149e+01
1.577424e+02 0.000000e+00 1.788771e+02 -2.113470e+01
9.848829e+01 0.000000e+00 5.448502e+01 4.400327e+01
4.013135e+00 0.000000e+00 5.448502e+01 -5.047189e+01
2.275874e+02 0.000000e+00 1.477310e+02 7.985646e+01
1.135670e+02 0.000000e+00 1.477310e+02 -3.416397e+01
9.772452e+01 0.000000e+00 1.036615e+02 -5.936964e+00
1.098172e+02 0.000000e+00 1.036615e+02 6.155720e+00
2.377920e+02 0.000000e+00 2.112596e+02 2.653237e+01
1.882200e+02 0.000000e+00 2.112596e+02 -2.303962e+01
1.776712e+02 0.000000e+00 1.276132e+02 5.005800e+01
8.614336e+01 0.000000e+00 1.276132e+02 -4.146979e+01
1.264484e+02 0.000000e+00 1.356594e+02 -9.210950e+00
1.470601e+02 0.000000e+00 1.356594e+02 1.140076e+01
1.002967e+02 0.000000e+00 1.034848e+02 -3.188027e+00
1.066518e+02 0.000000e+00 1.034848e+02 3.167015e+00
5.173540e+01 0.000000e+00 5.695798e+01 -5.222583e+00
6.322518e+01 0.000000e+00 5.695798e+01 6.267205e+00
1.221374e+02 0.000000e+00 9.670711e+01 2.543032e+01
7.148708e+01 0.000000e+00 9.670711e+01 -2.522003e+01
