2.064299e+02 0.000000e+00 1.881135e+02 1.831633e+01
1.717327e+02 0.000000e+00 1.881135e+02 -1.638083e+01
1.209675e+02 0.000000e+00 5.253973e+01 6.842778e+01
1.099632e+01 0.000000e+00 5.253973e+01 -4.154341e+01
2.477632e+02 0.000000e+00 3.092777e+02 -6.151453e+01
3.544249e+02 0.000000e+00 3.092777e+02 4.514719e+01
7.396465e+02 0.000000e+00 6.567197e+02 8.292682e+01
5.139321e+02 0.000000e+00 6.567197e+02 -1.427876e+02
2.419688e+02 0.000000e+00 2.170596e+02 2.490918e+01
1.898378e+02 0.000000e+00 2.170596e+02 -2.722180e+01
3.630630e+02 0.000000e+00 2.964478e+02 6.661526e+01
2.597342e+02 0.000000e+00 2.964478e+02 -3.671359e+01
1.788884e+02 0.000000e+00 2.089550e+02 -3.006659e+01
2.469692e+02 0.000000e+00 2.089550e+02 3.801418e+01
1.291911e+02 0.000000e+00 1.365586e+02 -7.367447e+00
1.448313e+02 0.000000e+00 1.365586e+02 8.272720e+00
2.476237e+02 0.000000e+00 2.554017e+02 -7.777985e+00
2.620067e+02 0.000000e+00 2.554017e+02 6.604950e+00
3.732849e+02 4.238786e+02 4.238786e+02 3.732849e+02
4.637157e+02 4.238786e+02 4.238786e+02 4.637157e+02
1.824532e+02 0.000000e+00 1.655291e+02 1.692412e+01
1.501836e+02 0.000000e+00 1.655291e+02 -1.534544e+01
4.916005e+02 0.000000e+00 4.044273e+02 8.717319e+01
3.070642e+02 0.000000e+00 4.044273e+02 -9.736313e+01
3.580125e+02 0.000000e+00 3.081090e+02 4.990344e+01
2.589430e+02 0.000000e+00 3.081090e+02 -4.916608e+01
8.896835e+01 0.000000e+00 1.039252e+02 -1.495686e+01
1.238374e+02 0.000000e+00 1.039252e+02 1.991216e+01
5.991269e+02 0.000000e+00 5.929423e+02 6.184570e+00
5.846815e+02 0.000000e+00 5.929423e+02 -8.260864e+00
2.769836e+02 0.000000e+00 3.072279e+02 -3.024426e+01
3.320962e+02 0.000000e+00 3.072279e+02 2.486829e+01
7.685496e+02 0.000000e+00 5.978449e+02 1.707047e+02
4.946978e+02 0.000000e+00 5.978449e+02 -1.031471e+02
4.444778e+02 0.000000e+00 3.130070e+02 1.314709e+02
1.650276e+02 0.000000e+00 3.130070e+02 -1.479794e+02
3.698599e+02 0.000000e+00 2.906407e+02 7.921912e+01
2.638616e+02 0.000000e+00 2.906407e+02 -2.677911e+01
5.209764e+01 0.000000e+00 8.707338e+01 -3.497574e+01
1.206057e+02 0.000000e+00 8.707338e+01 3.353236e+01
4.020913e+02 0.000000e+00 4.121004e+02 -1.000906e+01
4.215251e+02 0.000000e+00 4.121004e+02 9.424713e+00
1.775894e+02 0.000000e+00 8.168527e+01 9.590413e+01
1.683427e+01 0.000000e+00 8.168527e+01 -6.485101e+01
2.149272e+02 0.000000e+00 2.052102e+02 9.717087e+00
1.935736e+02 0.000000e+00 2.052102e+02 -1.163657e+01
8.863017e+01 0.000000e+00 2.758359e+01 6.104658e+01
-4.085704e+01 0.000000e+00 2.758359e+01 -6.844063e+01
1.002713e+02 0.000000e+00 2.090638e+02 -1.087925e+02
3.715743e+02 0.000000e+00 2.090638e+02 1.625105e+02
9.614536e+01 0.000000e+00 1.558369e+02 -5.969156e+01
2.316424e+02 0.000000e+00 1.558369e+02 7.580553e+01
