1.370448e+02 0.000000e+00 1.022128e+02 3.483205e+01
7.096664e+01 0.000000e+00 1.022128e+02 -3.124615e+01
1.120300e+02 0.000000e+00 8.349878e+01 2.853124e+01
5.809340e+01 0.000000e+00 8.349878e+01 -2.540538e+01
2.560838e+02 0.000000e+00 2.796302e+02 -2.354636e+01
3.000281e+02 0.000000e+00 2.796302e+02 2.039792e+01
2.560998e+02 0.000000e+00 1.555102e+02 1.005896e+02
-1.737696e+00 0.000000e+00 1.555102e+02 -1.572479e+02
4.038510e+02 0.000000e+00 3.967595e+02 7.091522e+00
3.852075e+02 0.000000e+00 3.967595e+02 -1.155203e+01
1.839420e+02 0.000000e+00 1.070911e+02 7.685096e+01
2.895689e+01 0.000000e+00 1.070911e+02 -7.813416e+01
1.002904e+02 0.000000e+00 9.884859e+01 1.441841e+00
9.775002e+01 0.000000e+00 9.884859e+01 -1.098572e+00
2.939378e+02 0.000000e+00 3.472271e+02 -5.328928e+01
4.273795e+02 0.000000e+00 3.472271e+02 8.015244e+01
1.778611e+02 0.000000e+00 1.866068e+02 -8.745758e+00
1.958672e+02 0.000000e+00 1.866068e+02 9.260376e+00
7.768974e+01 0.000000e+00 1.017310e+02 -2.404124e+01
1.172273e+02 0.000000e+00 1.017310e+02 1.549628e+01
7.442723e+01 0.000000e+00 2.131756e+02 -1.387484e+02
4.400775e+02 0.000000e+00 2.131756e+02 2.269019e+02
4.395980e+02 0.000000e+00 4.860458e+02 -4.644781e+01
5.347581e+02 0.000000e+00 4.860458e+02 4.871228e+01
2.096507e+02 0.000000e+00 2.005042e+02 9.146576e+00
1.914687e+02 0.000000e+00 2.005042e+02 -9.035431e+00
5.590305e+02 5.540843e+02 5.540843e+02 5.590305e+02
5.483051e+02 5.540843e+02 5.540843e+02 5.483051e+02
2.330171e+02 0.000000e+00 2.912616e+02 -5.824451e+01
3.426448e+02 0.000000e+00 2.912616e+02 5.138321e+01
3.284341e+02 0.000000e+00 3.119237e+02 1.651044e+01
2.962341e+02 0.000000e+00 3.119237e+02 -1.568954e+01
1.850605e+02 0.000000e+00 2.322516e+02 -4.719107e+01
2.955774e+02 0.000000e+00 2.322516e+02 6.332582e+01
9.285811e+01 0.000000e+00 9.838566e+01 -5.527550e+00
1.055636e+02 0.000000e+00 9.838566e+01 7.177940e+00
2.404230e+02 0.000000e+00 2.257551e+01 2.178475e+02
-6.007384e+01 0.000000e+00 2.257551e+01 -8.264935e+01
-2.421101e+01 0.000000e+00 4.316947e+01 -6.738048e+01
1.092037e+02 0.000000e+00 4.316947e+01 6.603427e+01
4.500521e+02 0.000000e+00 4.490306e+02 1.021515e+00
4.484237e+02 0.000000e+00 4.490306e+02 -6.069336e-01
1.623520e+02 0.000000e+00 9.589926e+01 6.645276e+01
5.585855e+01 0.000000e+00 9.589926e+01 -4.004071e+01
3.380186e+02 0.000000e+00 2.513268e+02 8.669171e+01
1.633753e+02 0.000000e+00 2.513268e+02 -8.795151e+01
1.562960e+02 0.000000e+00 1.355024e+02 2.079359e+01
1.100594e+02 0.000000e+00 1.355024e+02 -2.544300e+01
1.145686e+01 0.000000e+00 5.836608e+01 -4.690923e+01
1.173432e+02 0.000000e+00 5.836608e+01 5.897713e+01
2.597489e+02 0.000000e+00 1.691940e+02 9.055486e+01
6.489303e+01 0.000000e+00 1.691940e+02 -1.043010e+02
