1.480923e+02 0.000000e+00 1.390522e+02 9.040085e+00
1.293210e+02 0.000000e+00 1.390522e+02 -9.731214e+00
2.291254e+02 0.000000e+00 1.583736e+02 7.075181e+01
9.097738e+01 0.000000e+00 1.583736e+02 -6.739625e+01
7.104830e+01 0.000000e+00 7.866029e+01 -7.611986e+00
8.546163e+01 0.000000e+00 7.866029e+01 6.801339e+00
2.435419e+02 0.000000e+00 1.871965e+02 5.634542e+01
1.183849e+02 0.000000e+00 1.871965e+02 -6.881164e+01
2.244596e+02 0.000000e+00 1.780675e+02 4.639207e+01
1.199920e+02 0.000000e+00 1.780675e+02 -5.807555e+01
3.082960e+02 2.753576e+02 2.753576e+02 3.082960e+02
2.398254e+02 2.753576e+02 2.753576e+02 2.398254e+02
1.419183e+02 0.000000e+00 1.583162e+02 -1.639794e+01
1.756961e+02 0.000000e+00 1.583162e+02 1.737992e+01
1.236781e+02 0.000000e+00 1.321038e+02 -8.425712e+00
1.431607e+02 0.000000e+00 1.321038e+02 1.105687e+01
1.518779e+02 0.000000e+00 1.568976e+02 -5.019794e+00
1.625104e+02 0.000000e+00 1.568976e+02 5.612780e+00
1.104200e+02 0.000000e+00 1.196899e+02 -9.269914e+00
1.273154e+02 0.000000e+00 1.196899e+02 7.625541e+00
1.465462e+02 0.000000e+00 1.295078e+02 1.703842e+01
1.157114e+02 0.000000e+00 1.295078e+02 -1.379636e+01
2.725111e+02 0.000000e+00 2.348511e+02 3.766000e+01
1.883275e+02 0.000000e+00 2.348511e+02 -4.652360e+01
1.339986e+02 0.000000e+00 1.229715e+02 1.102703e+01
1.115310e+02 0.000000e+00 1.229715e+02 -1.144054e+01
1.412804e+02 0.000000e+00 1.519158e+02 -1.063539e+01
1.635534e+02 0.000000e+00 1.519158e+02 1.163760e+01
3.139675e+02 0.000000e+00 3.134994e+02 4.681349e-01
3.131617e+02 0.000000e+00 3.134994e+02 -3.377081e-01
1.341755e+02 0.000000e+00 1.149796e+02 1.919589e+01
9.701962e+01 0.000000e+00 1.149796e+02 -1.795999e+01
2.264255e+02 0.000000e+00 1.965659e+02 2.985962e+01
1.744594e+02 0.000000e+00 1.965659e+02 -2.210649e+01
1.158885e+02 0.000000e+00 6.832965e+01 4.755886e+01
1.613526e+01 0.000000e+00 6.832965e+01 -5.219439e+01
1.979125e+02 0.000000e+00 1.463394e+02 5.157304e+01
1.187103e+02 0.000000e+00 1.463394e+02 -2.762910e+01
7.513902e+01 0.000000e+00 8.951595e+01 -1.437693e+01
1.055678e+02 0.000000e+00 8.951595e+01 1.605182e+01
2.212301e+02 0.000000e+00 1.978692e+02 2.336097e+01
1.750014e+02 0.000000e+00 1.978692e+02 -2.286772e+01
1.738341e+02 0.000000e+00 1.249106e+02 4.892349e+01
8.471000e+01 0.000000e+00 1.249106e+02 -4.020062e+01
1.376967e+02 0.000000e+00 1.463849e+02 -8.688218e+00
1.577331e+02 0.000000e+00 1.463849e+02 1.134821e+01
1.368130e+02 0.000000e+00 1.284507e+02 8.362245e+00
1.190518e+02 0.000000e+00 1.284507e+02 -9.398922e+00
4.785644e+01 0.000000e+00 5.434665e+01 -6.490211e+00
6.230453e+01 0.000000e+00 5.434665e+01 7.957884e+00
1.203042e+02 0.000000e+00 9.923248e+01 2.107172e+01
7.893871e+01 0.000000e+00 9.923248e+01 -2.029378e+01
