1.038683e+02 0.000000e+00 1.008139e+02 3.054423e+00
9.732231e+01 0.000000e+00 1.008139e+02 -3.491596e+00
2.084791e+02 0.000000e+00 1.434389e+02 6.504019e+01
8.394119e+01 0.000000e+00 1.434389e+02 -5.949768e+01
4.866982e+01 0.000000e+00 5.252679e+01 -3.856974e+00
5.594129e+01 0.000000e+00 5.252679e+01 3.414498e+00
1.748981e+02 0.000000e+00 1.294147e+02 4.548343e+01
7.394658e+01 0.000000e+00 1.294147e+02 -5.546814e+01
3.184009e+02 2.780862e+02 2.780862e+02 3.184009e+02
2.271345e+02 2.780862e+02 2.780862e+02 2.271345e+02
9.570577e+01 0.000000e+00 8.760563e+01 8.100137e+00
7.885451e+01 0.000000e+00 8.760563e+01 -8.751122e+00
1.010299e+02 0.000000e+00 1.198620e+02 -1.883216e+01
1.400432e+02 0.000000e+00 1.198620e+02 2.018119e+01
1.134997e+02 0.000000e+00 1.207384e+02 -7.238638e+00
1.293422e+02 0.000000e+00 1.207384e+02 8.603810e+00
1.024979e+02 0.000000e+00 1.060367e+02 -3.538781e+00
1.098284e+02 0.000000e+00 1.060367e+02 3.791755e+00
7.329951e+01 0.000000e+00 9.523053e+01 -2.193103e+01
1.131178e+02 0.000000e+00 9.523053e+01 1.788728e+01
1.363757e+02 0.000000e+00 1.165404e+02 1.983528e+01
9.951947e+01 0.000000e+00 1.165404e+02 -1.702097e+01
1.987430e+02 0.000000e+00 1.724351e+02 2.630790e+01
1.406782e+02 0.000000e+00 1.724351e+02 -3.175692e+01
1.144250e+02 0.000000e+00 1.026388e+02 1.178620e+01
8.995784e+01 0.000000e+00 1.026388e+02 -1.268097e+01
7.331569e+01 0.000000e+00 8.370782e+01 -1.039213e+01
9.492387e+01 0.000000e+00 8.370782e+01 1.121605e+01
2.551053e+02 0.000000e+00 2.567389e+02 -1.633590e+00
2.586184e+02 0.000000e+00 2.567389e+02 1.879529e+00
9.651225e+01 0.000000e+00 7.486389e+01 2.164836e+01
5.394042e+01 0.000000e+00 7.486389e+01 -2.092347e+01
1.812310e+02 0.000000e+00 1.595800e+02 2.165091e+01
1.439552e+02 0.000000e+00 1.595800e+02 -1.562481e+01
6.265221e+01 0.000000e+00 3.101625e+01 3.163596e+01
-5.731118e+00 0.000000e+00 3.101625e+01 -3.674737e+01
2.190053e+02 0.000000e+00 1.333267e+02 8.567857e+01
9.370507e+01 0.000000e+00 1.333267e+02 -3.962165e+01
7.509101e+01 0.000000e+00 8.075093e+01 -5.659916e+00
8.732597e+01 0.000000e+00 8.075093e+01 6.575041e+00
2.036093e+02 0.000000e+00 1.657002e+02 3.790911e+01
1.321256e+02 0.000000e+00 1.657002e+02 -3.357465e+01
1.353630e+02 0.000000e+00 9.829335e+01 3.706969e+01
6.691842e+01 0.000000e+00 9.829335e+01 -3.137494e+01
8.737887e+01 0.000000e+00 1.057821e+02 -1.840320e+01
1.285580e+02 0.000000e+00 1.057821e+02 2.277593e+01
7.608049e+01 0.000000e+00 8.358575e+01 -7.505263e+00
9.126105e+01 0.000000e+00 8.358575e+01 7.675298e+00
4.522434e+01 0.000000e+00 3.522195e+01 1.000240e+01
2.092699e+01 0.000000e+00 3.522195e+01 -1.429496e+01
9.967200e+01 0.000000e+00 7.411291e+01 2.555908e+01
4.784312e+01 0.000000e+00 7.411291e+01 -2.626979e+01
