1.370280e+02 0.000000e+00 1.247271e+02 1.230087e+01
1.115658e+02 0.000000e+00 1.247271e+02 -1.316132e+01
2.162754e+02 0.000000e+00 1.523223e+02 6.395313e+01
9.633069e+01 0.000000e+00 1.523223e+02 -5.599159e+01
9.566981e+01 0.000000e+00 8.973070e+01 5.939110e+00
8.504700e+01 0.000000e+00 8.973070e+01 -4.683697e+00
2.247003e+02 0.000000e+00 1.721108e+02 5.258947e+01
1.067582e+02 0.000000e+00 1.721108e+02 -6.535263e+01
2.345318e+02 0.000000e+00 1.935244e+02 4.100739e+01
1.425855e+02 0.000000e+00 1.935244e+02 -5.093889e+01
1.286014e+02 0.000000e+00 1.150148e+02 1.358658e+01
1.004308e+02 0.000000e+00 1.150148e+02 -1.458404e+01
1.235463e+02 0.000000e+00 1.459091e+02 -2.236283e+01
1.701968e+02 0.000000e+00 1.459091e+02 2.428770e+01
1.330229e+02 0.000000e+00 1.392427e+02 -6.219838e+00
1.465318e+02 0.000000e+00 1.392427e+02 7.289101e+00
1.089847e+02 0.000000e+00 1.144241e+02 -5.439322e+00
1.199484e+02 0.000000e+00 1.144241e+02 5.524332e+00
1.009331e+02 0.000000e+00 1.174792e+02 -1.654606e+01
1.311990e+02 0.000000e+00 1.174792e+02 1.371983e+01
1.566995e+02 0.000000e+00 1.404178e+02 1.628165e+01
1.262576e+02 0.000000e+00 1.404178e+02 -1.416024e+01
2.607879e+02 0.000000e+00 2.185986e+02 4.218928e+01
1.666991e+02 0.000000e+00 2.185986e+02 -5.189944e+01
1.248356e+02 0.000000e+00 1.117519e+02 1.308368e+01
9.763934e+01 0.000000e+00 1.117519e+02 -1.411259e+01
1.264467e+02 0.000000e+00 1.409365e+02 -1.448977e+01
1.564165e+02 0.000000e+00 1.409365e+02 1.547998e+01
2.789395e+02 0.000000e+00 2.798256e+02 -8.860862e-01
2.808069e+02 0.000000e+00 2.798256e+02 9.812476e-01
1.325880e+02 0.000000e+00 1.151807e+02 1.740727e+01
9.847806e+01 0.000000e+00 1.151807e+02 -1.670267e+01
2.156797e+02 0.000000e+00 1.896988e+02 2.598092e+01
1.718955e+02 0.000000e+00 1.896988e+02 -1.780329e+01
1.179214e+02 0.000000e+00 7.468186e+01 4.323950e+01
2.566398e+01 0.000000e+00 7.468186e+01 -4.901789e+01
2.247501e+02 0.000000e+00 1.418864e+02 8.286372e+01
1.030223e+02 0.000000e+00 1.418864e+02 -3.886405e+01
9.913292e+01 0.000000e+00 1.086339e+02 -9.500986e+00
1.183376e+02 0.000000e+00 1.086339e+02 9.703734e+00
1.890969e+02 0.000000e+00 1.677665e+02 2.133036e+01
1.475538e+02 0.000000e+00 1.677665e+02 -2.021278e+01
3.252916e+02 2.708253e+02 2.708253e+02 3.252916e+02
2.259211e+02 2.708253e+02 2.708253e+02 2.259211e+02
1.255481e+02 0.000000e+00 1.394088e+02 -1.386067e+01
1.566901e+02 0.000000e+00 1.394088e+02 1.728130e+01
1.155380e+02 0.000000e+00 1.132562e+02 2.281824e+00
1.104240e+02 0.000000e+00 1.132562e+02 -2.832213e+00
6.625879e+01 0.000000e+00 5.641888e+01 9.839911e+00
4.418728e+01 0.000000e+00 5.641888e+01 -1.223160e+01
1.227877e+02 0.000000e+00 9.736042e+01 2.542726e+01
7.221737e+01 0.000000e+00 9.736042e+01 -2.514305e+01
