1.673484e+02 0.000000e+00 1.143768e+02 5.297158e+01
6.078138e+01 0.000000e+00 1.143768e+02 -5.359540e+01
1.272622e+02 0.000000e+00 1.007250e+02 2.653721e+01
7.554395e+01 0.000000e+00 1.007250e+02 -2.518107e+01
1.664751e+02 0.000000e+00 1.028442e+02 6.363093e+01
5.098383e+01 0.000000e+00 1.028442e+02 -5.186038e+01
1.300755e+02 0.000000e+00 1.095222e+02 2.055325e+01
8.463583e+01 0.000000e+00 1.095222e+02 -2.488641e+01
1.231250e+02 0.000000e+00 1.495298e+02 -2.640477e+01
1.874970e+02 0.000000e+00 1.495298e+02 3.796716e+01
8.148530e+01 0.000000e+00 9.762657e+01 -1.614127e+01
1.118111e+02 0.000000e+00 9.762657e+01 1.418452e+01
6.394227e+01 0.000000e+00 1.191519e+02 -5.520967e+01
1.905002e+02 0.000000e+00 1.191519e+02 7.134830e+01
5.990865e+01 0.000000e+00 5.760349e+01 2.305153e+00
5.479454e+01 0.000000e+00 5.760349e+01 -2.808949e+00
-1.271973e+00 0.000000e+00 4.381245e+01 -4.508443e+01
8.885150e+01 0.000000e+00 4.381245e+01 4.503905e+01
1.509059e+02 0.000000e+00 2.166716e+02 -6.576561e+01
2.769844e+02 0.000000e+00 2.166716e+02 6.031288e+01
9.518675e+01 0.000000e+00 1.159660e+02 -2.077921e+01
1.343922e+02 0.000000e+00 1.159660e+02 1.842625e+01
1.411986e+02 0.000000e+00 1.444077e+02 -3.209106e+00
1.484046e+02 0.000000e+00 1.444077e+02 3.996933e+00
1.937997e+02 0.000000e+00 1.939705e+02 -1.707764e-01
1.941142e+02 0.000000e+00 1.939705e+02 1.436920e-01
1.673558e+02 0.000000e+00 1.712839e+02 -3.928101e+00
1.752930e+02 0.000000e+00 1.712839e+02 4.009094e+00
2.113660e+02 0.000000e+00 1.519746e+02 5.939137e+01
9.996762e+01 0.000000e+00 1.519746e+02 -5.200702e+01
5.442724e+01 0.000000e+00 7.693979e+01 -2.251255e+01
1.023371e+02 0.000000e+00 7.693979e+01 2.539732e+01
3.074414e+02 0.000000e+00 2.323090e+02 7.513242e+01
1.787724e+02 0.000000e+00 2.323090e+02 -5.353662e+01
5.363089e+01 0.000000e+00 1.273921e+01 4.089168e+01
-3.044236e+01 0.000000e+00 1.273921e+01 -4.318157e+01
8.538434e+01 0.000000e+00 1.096181e+02 -2.423373e+01
1.190047e+02 0.000000e+00 1.096181e+02 9.386673e+00
6.210297e+01 0.000000e+00 4.747776e+01 1.462522e+01
3.337115e+01 0.000000e+00 4.747776e+01 -1.410661e+01
2.171071e+02 0.000000e+00 1.624980e+02 5.460910e+01
1.150779e+02 0.000000e+00 1.624980e+02 -4.742014e+01
7.316139e+02 6.094921e+02 6.094921e+02 7.316139e+02
4.998089e+02 6.094921e+02 6.094921e+02 4.998089e+02
7.834412e+01 0.000000e+00 1.047227e+02 -2.637863e+01
1.286130e+02 0.000000e+00 1.047227e+02 2.389021e+01
5.584584e+01 0.000000e+00 5.775655e+01 -1.910709e+00
5.971148e+01 0.000000e+00 5.775655e+01 1.954929e+00
4.265293e+01 0.000000e+00 7.659566e+01 -3.394273e+01
1.157037e+02 0.000000e+00 7.659566e+01 3.910808e+01
1.622744e+02 0.000000e+00 1.035753e+02 5.869909e+01
4.589685e+01 0.000000e+00 1.035753e+02 -5.767846e+01
