7.269829e+01 0.000000e+00 3.669820e+01 3.600009e+01
-1.326706e+00 0.000000e+00 3.669820e+01 -3.802491e+01
2.275222e+02 0.000000e+00 1.528134e+02 7.470880e+01
8.693854e+01 0.000000e+00 1.528134e+02 -6.587491e+01
2.664632e+02 0.000000e+00 2.209772e+02 4.548595e+01
1.501688e+02 0.000000e+00 2.209772e+02 -7.080840e+01
3.801968e+02 0.000000e+00 3.836646e+02 -3.467773e+00
3.872111e+02 0.000000e+00 3.836646e+02 3.546478e+00
8.157310e+01 0.000000e+00 9.039551e+01 -8.822403e+00
1.033851e+02 0.000000e+00 9.039551e+01 1.298960e+01
1.407330e+02 0.000000e+00 1.990718e+02 -5.833881e+01
2.605918e+02 0.000000e+00 1.990718e+02 6.152003e+01
2.648804e+02 0.000000e+00 2.708562e+02 -5.975830e+00
2.775175e+02 0.000000e+00 2.708562e+02 6.661255e+00
1.684033e+02 0.000000e+00 1.599439e+02 8.459427e+00
1.491853e+02 0.000000e+00 1.599439e+02 -1.075856e+01
4.655646e+02 0.000000e+00 4.669191e+02 -1.354492e+00
4.692549e+02 0.000000e+00 4.669191e+02 2.335754e+00
1.842627e+02 0.000000e+00 2.013361e+02 -1.707332e+01
2.151201e+02 0.000000e+00 2.013361e+02 1.378400e+01
1.734561e+02 0.000000e+00 1.525090e+02 2.094717e+01
1.349929e+02 0.000000e+00 1.525090e+02 -1.751605e+01
2.533437e+02 0.000000e+00 2.560550e+02 -2.711334e+00
2.591830e+02 0.000000e+00 2.560550e+02 3.128021e+00
6.642201e+02 7.616887e+02 7.616887e+02 6.642201e+02
8.610271e+02 7.616887e+02 7.616887e+02 8.610271e+02
1.503439e+02 0.000000e+00 1.374372e+02 1.290672e+01
1.260070e+02 0.000000e+00 1.374372e+02 -1.143026e+01
4.832751e+02 0.000000e+00 4.438347e+02 3.944034e+01
4.038232e+02 0.000000e+00 4.438347e+02 -4.001151e+01
2.769705e+02 0.000000e+00 2.239611e+02 5.300932e+01
1.658744e+02 0.000000e+00 2.239611e+02 -5.808676e+01
1.540897e+02 0.000000e+00 2.082081e+02 -5.411839e+01
2.574775e+02 0.000000e+00 2.082081e+02 4.926939e+01
7.783495e+01 0.000000e+00 3.430027e+01 4.353469e+01
-1.936316e+01 0.000000e+00 3.430027e+01 -5.366343e+01
4.264078e+02 0.000000e+00 2.282614e+02 1.981464e+02
1.907774e+02 0.000000e+00 2.282614e+02 -3.748398e+01
2.574967e+02 0.000000e+00 2.774626e+02 -1.996588e+01
2.951900e+02 0.000000e+00 2.774626e+02 1.772742e+01
5.870630e+02 0.000000e+00 5.441808e+02 4.288226e+01
4.895325e+02 0.000000e+00 5.441808e+02 -5.464828e+01
1.226069e+02 0.000000e+00 1.054956e+02 1.711133e+01
8.804095e+01 0.000000e+00 1.054956e+02 -1.745461e+01
3.226029e+02 0.000000e+00 2.886834e+02 3.391949e+01
2.525669e+02 0.000000e+00 2.886834e+02 -3.611652e+01
1.947186e+02 0.000000e+00 2.020473e+02 -7.328690e+00
2.110479e+02 0.000000e+00 2.020473e+02 9.000641e+00
3.796241e+01 0.000000e+00 6.062636e+01 -2.266395e+01
1.012926e+02 0.000000e+00 6.062636e+01 4.066624e+01
5.477465e+01 0.000000e+00 1.154205e+02 -6.064585e+01
1.928403e+02 0.000000e+00 1.154205e+02 7.741976e+01
