1.246575e+01 0.000000e+00 5.754241e+01 -4.507666e+01
9.885476e+01 0.000000e+00 5.754241e+01 4.131235e+01
1.817527e+02 0.000000e+00 1.276782e+02 5.407445e+01
7.659286e+01 0.000000e+00 1.276782e+02 -5.108536e+01
2.314290e+01 0.000000e+00 1.942910e+01 3.713800e+00
1.548324e+01 0.000000e+00 1.942910e+01 -3.945856e+00
1.499258e+02 0.000000e+00 1.036084e+02 4.631735e+01
3.774795e+01 0.000000e+00 1.036084e+02 -6.586047e+01
1.455090e+02 0.000000e+00 1.300354e+02 1.547357e+01
1.098903e+02 0.000000e+00 1.300354e+02 -2.014513e+01
-1.121653e+02 0.000000e+00 -4.675151e+01 -6.541378e+01
1.443895e+01 0.000000e+00 -4.675151e+01 6.119046e+01
9.645869e+00 0.000000e+00 2.763427e+01 -1.798840e+01
4.673433e+01 0.000000e+00 2.763427e+01 1.910006e+01
3.551952e+01 0.000000e+00 3.461143e+01 9.080887e-01
3.349512e+01 0.000000e+00 3.461143e+01 -1.116306e+00
8.461685e+01 0.000000e+00 5.115538e+01 3.346147e+01
2.143837e+01 0.000000e+00 5.115538e+01 -2.971701e+01
-6.562561e+01 0.000000e+00 -3.489062e+01 -3.073499e+01
-2.695202e+00 0.000000e+00 -3.489062e+01 3.219542e+01
1.389649e+02 0.000000e+00 1.339384e+02 5.026505e+00
1.292504e+02 0.000000e+00 1.339384e+02 -4.688034e+00
8.513960e+01 0.000000e+00 3.311897e+01 5.202063e+01
-2.229484e+01 0.000000e+00 3.311897e+01 -5.541380e+01
4.128838e+01 0.000000e+00 2.434591e+01 1.694248e+01
8.104141e+00 0.000000e+00 2.434591e+01 -1.624176e+01
5.783261e+01 0.000000e+00 5.709300e+01 7.396088e-01
5.623689e+01 0.000000e+00 5.709300e+01 -8.561172e-01
2.895804e+02 0.000000e+00 3.161522e+02 -2.657178e+01
3.414811e+02 0.000000e+00 3.161522e+02 2.532889e+01
-6.463821e+00 0.000000e+00 1.615620e+01 -2.262002e+01
3.793504e+01 0.000000e+00 1.615620e+01 2.177884e+01
6.377455e+01 0.000000e+00 7.651408e+01 -1.273952e+01
8.774857e+01 0.000000e+00 7.651408e+01 1.123449e+01
-8.098818e+01 0.000000e+00 -1.605120e+02 7.952381e+01
-2.664537e+02 0.000000e+00 -1.605120e+02 -1.059417e+02
1.172331e+02 0.000000e+00 6.554976e+01 5.168336e+01
3.877712e+01 0.000000e+00 6.554976e+01 -2.677264e+01
5.761580e+01 0.000000e+00 4.685091e+01 1.076488e+01
3.428825e+01 0.000000e+00 4.685091e+01 -1.256266e+01
3.555026e+01 0.000000e+00 5.893565e+01 -2.338539e+01
8.526857e+01 0.000000e+00 5.893565e+01 2.633292e+01
6.802389e+01 0.000000e+00 1.010285e+02 -3.300459e+01
1.293369e+02 0.000000e+00 1.010285e+02 2.830843e+01
1.060817e+02 0.000000e+00 1.056196e+02 4.620743e-01
1.050575e+02 0.000000e+00 1.056196e+02 -5.621567e-01
1.274903e+02 0.000000e+00 1.363307e+02 -8.840439e+00
1.439797e+02 0.000000e+00 1.363307e+02 7.649017e+00
3.491475e+02 3.020092e+02 3.020092e+02 3.491475e+02
2.634464e+02 3.020092e+02 3.020092e+02 2.634464e+02
-6.036236e+01 0.000000e+00 -2.369732e+01 -3.666504e+01
1.575999e+01 0.000000e+00 -2.369732e+01 3.945731e+01
