1.461662e+02 0.000000e+00 1.424871e+02 3.679069e+00
1.390220e+02 0.000000e+00 1.424871e+02 -3.465142e+00
2.357818e+02 0.000000e+00 1.698468e+02 6.593500e+01
1.171056e+02 0.000000e+00 1.698468e+02 -5.274124e+01
1.315259e+02 0.000000e+00 1.221880e+02 9.337983e+00
1.144162e+02 0.000000e+00 1.221880e+02 -7.771763e+00
3.213629e+02 0.000000e+00 2.454064e+02 7.595652e+01
1.403456e+02 0.000000e+00 2.454064e+02 -1.050607e+02
2.475723e+02 0.000000e+00 2.193965e+02 2.817576e+01
1.843975e+02 0.000000e+00 2.193965e+02 -3.499906e+01
1.515046e+02 0.000000e+00 1.638971e+02 -1.239241e+01
1.756453e+02 0.000000e+00 1.638971e+02 1.174827e+01
1.546268e+02 0.000000e+00 1.605314e+02 -5.904627e+00
1.663010e+02 0.000000e+00 1.605314e+02 5.769564e+00
1.693934e+02 0.000000e+00 1.827488e+02 -1.335538e+01
1.970937e+02 0.000000e+00 1.827488e+02 1.434489e+01
1.524347e+02 0.000000e+00 1.551798e+02 -2.745058e+00
1.582831e+02 0.000000e+00 1.551798e+02 3.103369e+00
7.419789e+01 0.000000e+00 1.083079e+02 -3.411003e+01
1.340560e+02 0.000000e+00 1.083079e+02 2.574804e+01
1.994146e+02 0.000000e+00 1.604359e+02 3.897869e+01
1.261059e+02 0.000000e+00 1.604359e+02 -3.433002e+01
2.602206e+02 0.000000e+00 2.361742e+02 2.404641e+01
2.053607e+02 0.000000e+00 2.361742e+02 -3.081349e+01
1.585798e+02 0.000000e+00 1.779298e+02 -1.935002e+01
1.976071e+02 0.000000e+00 1.779298e+02 1.967727e+01
1.480013e+02 0.000000e+00 1.534329e+02 -5.431555e+00
1.592985e+02 0.000000e+00 1.534329e+02 5.865603e+00
4.824222e+02 0.000000e+00 4.642207e+02 1.820143e+01
4.446350e+02 0.000000e+00 4.642207e+02 -1.958569e+01
2.206997e+02 0.000000e+00 2.035023e+02 1.719743e+01
1.862436e+02 0.000000e+00 2.035023e+02 -1.725868e+01
2.450811e+02 0.000000e+00 2.252176e+02 1.986346e+01
2.050476e+02 0.000000e+00 2.252176e+02 -2.016998e+01
1.508603e+02 0.000000e+00 1.086898e+02 4.217054e+01
6.010130e+01 0.000000e+00 1.086898e+02 -4.858848e+01
3.359288e+02 0.000000e+00 2.396214e+02 9.630744e+01
1.967281e+02 0.000000e+00 2.396214e+02 -4.289329e+01
8.848134e+01 0.000000e+00 1.007066e+02 -1.222528e+01
1.133974e+02 0.000000e+00 1.007066e+02 1.269078e+01
2.404638e+02 0.000000e+00 2.556478e+02 -1.518401e+01
2.700837e+02 0.000000e+00 2.556478e+02 1.443591e+01
2.202152e+02 0.000000e+00 1.779454e+02 4.226981e+01
1.440833e+02 0.000000e+00 1.779454e+02 -3.386207e+01
1.468091e+02 0.000000e+00 1.506511e+02 -3.841996e+00
1.548706e+02 0.000000e+00 1.506511e+02 4.219570e+00
1.521425e+02 0.000000e+00 1.490657e+02 3.076779e+00
1.464941e+02 0.000000e+00 1.490657e+02 -2.571620e+00
2.604830e+02 2.636395e+02 2.636395e+02 2.604830e+02
2.666220e+02 2.636395e+02 2.636395e+02 2.666220e+02
9.064141e+01 0.000000e+00 9.797186e+01 -7.330442e+00
1.069008e+02 0.000000e+00 9.797186e+01 8.928941e+00
