1.930872e+02 0.000000e+00 2.034200e+02 -1.033278e+01
2.134146e+02 0.000000e+00 2.034200e+02 9.994614e+00
2.781371e+02 0.000000e+00 8.025549e+01 1.978816e+02
-5.759370e+01 0.000000e+00 8.025549e+01 -1.378492e+02
1.777628e+02 0.000000e+00 1.156045e+02 6.215838e+01
5.326237e+01 0.000000e+00 1.156045e+02 -6.234209e+01
5.124982e+02 0.000000e+00 4.680565e+02 4.444174e+01
4.165980e+02 0.000000e+00 4.680565e+02 -5.145853e+01
4.168480e+02 0.000000e+00 3.414985e+02 7.534952e+01
2.369275e+02 0.000000e+00 3.414985e+02 -1.045710e+02
2.503518e+02 0.000000e+00 1.429287e+02 1.074231e+02
2.029912e+01 0.000000e+00 1.429287e+02 -1.226296e+02
4.628157e+02 5.074516e+02 5.074516e+02 4.628157e+02
5.534184e+02 5.074516e+02 5.074516e+02 5.534184e+02
3.834613e+02 0.000000e+00 3.061646e+02 7.729672e+01
2.506697e+02 0.000000e+00 3.061646e+02 -5.549484e+01
1.502059e+02 0.000000e+00 1.280830e+02 2.212292e+01
1.095935e+02 0.000000e+00 1.280830e+02 -1.848952e+01
1.602781e+02 0.000000e+00 1.845544e+02 -2.427637e+01
2.041963e+02 0.000000e+00 1.845544e+02 1.964183e+01
1.084239e+02 0.000000e+00 7.827932e+01 3.014459e+01
5.202150e+01 0.000000e+00 7.827932e+01 -2.625782e+01
1.047026e+03 0.000000e+00 7.834058e+02 2.636207e+02
3.987016e+02 0.000000e+00 7.834058e+02 -3.847043e+02
1.691282e+02 0.000000e+00 9.467951e+01 7.444865e+01
2.370710e+01 0.000000e+00 9.467951e+01 -7.097241e+01
2.475198e+02 0.000000e+00 2.509120e+02 -3.392242e+00
2.540507e+02 0.000000e+00 2.509120e+02 3.138657e+00
2.451382e+02 0.000000e+00 2.234218e+02 2.171648e+01
1.968186e+02 0.000000e+00 2.234218e+02 -2.660318e+01
1.641638e+02 0.000000e+00 1.037451e+02 6.041861e+01
4.892384e+01 0.000000e+00 1.037451e+02 -5.482130e+01
-1.779612e+02 0.000000e+00 -1.503973e+02 -2.756381e+01
-1.346782e+02 0.000000e+00 -1.503973e+02 1.571915e+01
3.490120e+02 0.000000e+00 2.815051e+02 6.750687e+01
1.924782e+02 0.000000e+00 2.815051e+02 -8.902686e+01
2.579837e+02 0.000000e+00 5.947240e+01 1.985113e+02
-2.528018e+01 0.000000e+00 5.947240e+01 -8.475259e+01
-8.855288e+00 0.000000e+00 -4.478399e-01 -8.407448e+00
9.859485e+00 0.000000e+00 -4.478399e-01 1.030732e+01
1.002088e+02 0.000000e+00 1.221274e+02 -2.191855e+01
1.418270e+02 0.000000e+00 1.221274e+02 1.969959e+01
2.557648e+02 0.000000e+00 1.832146e+02 7.255020e+01
1.251625e+02 0.000000e+00 1.832146e+02 -5.805217e+01
1.297379e+02 0.000000e+00 1.265485e+02 3.189407e+00
1.238091e+02 0.000000e+00 1.265485e+02 -2.739426e+00
-2.258994e+01 0.000000e+00 -4.582907e+00 -1.800703e+01
1.283692e+01 0.000000e+00 -4.582907e+00 1.741983e+01
-6.496957e+01 0.000000e+00 2.892138e+01 -9.389096e+01
1.493631e+02 0.000000e+00 2.892138e+01 1.204417e+02
4.157266e+02 0.000000e+00 3.332473e+02 8.247928e+01
2.650484e+02 0.000000e+00 3.332473e+02 -6.819891e+01
