7.679099e+01 0.000000e+00 8.438807e+01 -7.597076e+00
9.250227e+01 0.000000e+00 8.438807e+01 8.114204e+00
2.742502e+02 0.000000e+00 1.692222e+02 1.050280e+02
6.848536e+01 0.000000e+00 1.692222e+02 -1.007368e+02
-1.804139e+01 0.000000e+00 -1.828511e+01 2.437286e-01
-1.849219e+01 0.000000e+00 -1.828511e+01 -2.070713e-01
5.158047e+01 0.000000e+00 4.859459e+00 4.672102e+01
-5.536916e+01 0.000000e+00 4.859459e+00 -6.022862e+01
2.111265e+02 0.000000e+00 1.738235e+02 3.730293e+01
1.236490e+02 0.000000e+00 1.738235e+02 -5.017458e+01
1.084955e+02 0.000000e+00 6.893958e+01 3.955592e+01
4.194330e+01 0.000000e+00 6.893958e+01 -2.699628e+01
1.077564e+02 0.000000e+00 9.390888e+01 1.384750e+01
8.088793e+01 0.000000e+00 9.390888e+01 -1.302095e+01
3.575079e+02 4.890348e+02 4.890348e+02 3.575079e+02
6.076792e+02 4.890348e+02 4.890348e+02 6.076792e+02
2.617225e+02 0.000000e+00 2.397249e+02 2.199765e+01
2.205629e+02 0.000000e+00 2.397249e+02 -1.916200e+01
-3.837363e+01 0.000000e+00 1.194982e+01 -5.032345e+01
6.079707e+01 0.000000e+00 1.194982e+01 4.884725e+01
1.003433e+02 0.000000e+00 8.515455e+01 1.518873e+01
7.125058e+01 0.000000e+00 8.515455e+01 -1.390397e+01
3.903238e+01 0.000000e+00 5.433213e+01 -1.529975e+01
7.312263e+01 0.000000e+00 5.433213e+01 1.879051e+01
1.306989e+02 0.000000e+00 1.499057e+02 -1.920685e+01
1.660865e+02 0.000000e+00 1.499057e+02 1.618076e+01
1.461858e+02 0.000000e+00 1.420106e+02 4.175201e+00
1.373082e+02 0.000000e+00 1.420106e+02 -4.702423e+00
3.639602e+02 0.000000e+00 3.713778e+02 -7.417603e+00
3.828198e+02 0.000000e+00 3.713778e+02 1.144193e+01
1.549699e+02 0.000000e+00 1.051384e+02 4.983156e+01
6.207652e+01 0.000000e+00 1.051384e+02 -4.306186e+01
3.803817e+02 0.000000e+00 2.341300e+02 1.462517e+02
1.219961e+02 0.000000e+00 2.341300e+02 -1.121339e+02
1.538354e+02 0.000000e+00 1.328893e+02 2.094604e+01
1.152523e+02 0.000000e+00 1.328893e+02 -1.763698e+01
1.651962e+02 0.000000e+00 1.189689e+02 4.622731e+01
8.598171e+01 0.000000e+00 1.189689e+02 -3.298717e+01
6.129572e+01 0.000000e+00 9.807365e+01 -3.677793e+01
1.369907e+02 0.000000e+00 9.807365e+01 3.891703e+01
1.620528e+02 0.000000e+00 7.977730e+01 8.227550e+01
1.561642e-01 0.000000e+00 7.977730e+01 -7.962113e+01
2.983438e+02 0.000000e+00 1.888963e+02 1.094474e+02
9.354574e+01 0.000000e+00 1.888963e+02 -9.535061e+01
9.525069e+01 0.000000e+00 1.477445e+02 -5.249382e+01
2.165789e+02 0.000000e+00 1.477445e+02 6.883444e+01
2.080793e+02 0.000000e+00 2.079854e+02 9.394836e-02
2.078708e+02 0.000000e+00 2.079854e+02 -1.146088e-01
6.161208e+01 0.000000e+00 8.640856e+01 -2.479648e+01
1.119498e+02 0.000000e+00 8.640856e+01 2.554125e+01
1.300772e+01 0.000000e+00 8.823219e+01 -7.522446e+01
1.816066e+02 0.000000e+00 8.823219e+01 9.337443e+01
