1.169686e+02 0.000000e+00 1.136678e+02 3.300796e+00
1.093821e+02 0.000000e+00 1.136678e+02 -4.285673e+00
2.124444e+02 0.000000e+00 1.437303e+02 6.871407e+01
8.044901e+01 0.000000e+00 1.437303e+02 -6.328129e+01
5.674802e+01 0.000000e+00 6.012571e+01 -3.377689e+00
6.289541e+01 0.000000e+00 6.012571e+01 2.769702e+00
3.555944e+02 2.983324e+02 2.983324e+02 3.555944e+02
2.274866e+02 2.983324e+02 2.983324e+02 2.274866e+02
1.894120e+02 0.000000e+00 1.605768e+02 2.883523e+01
1.239686e+02 0.000000e+00 1.605768e+02 -3.660823e+01
1.244321e+02 0.000000e+00 1.140578e+02 1.037432e+01
1.031585e+02 0.000000e+00 1.140578e+02 -1.089927e+01
1.199865e+02 0.000000e+00 1.387191e+02 -1.873262e+01
1.583958e+02 0.000000e+00 1.387191e+02 1.967669e+01
1.262005e+02 0.000000e+00 1.316674e+02 -5.466897e+00
1.384851e+02 0.000000e+00 1.316674e+02 6.817677e+00
1.277729e+02 0.000000e+00 1.304468e+02 -2.673900e+00
1.335266e+02 0.000000e+00 1.304468e+02 3.079788e+00
9.607683e+01 0.000000e+00 1.137410e+02 -1.766417e+01
1.277681e+02 0.000000e+00 1.137410e+02 1.402707e+01
1.294975e+02 0.000000e+00 1.135713e+02 1.592611e+01
9.968290e+01 0.000000e+00 1.135713e+02 -1.388845e+01
2.339758e+02 0.000000e+00 2.072062e+02 2.676961e+01
1.746348e+02 0.000000e+00 2.072062e+02 -3.257141e+01
1.183610e+02 0.000000e+00 1.136151e+02 4.745887e+00
1.084865e+02 0.000000e+00 1.136151e+02 -5.128658e+00
9.263076e+01 0.000000e+00 9.999393e+01 -7.363168e+00
1.074210e+02 0.000000e+00 9.999393e+01 7.427095e+00
2.646625e+02 0.000000e+00 2.705427e+02 -5.880173e+00
2.768124e+02 0.000000e+00 2.705427e+02 6.269707e+00
1.274091e+02 0.000000e+00 1.061271e+02 2.128196e+01
8.547628e+01 0.000000e+00 1.061271e+02 -2.065083e+01
1.693286e+02 0.000000e+00 1.544445e+02 1.488412e+01
1.441404e+02 0.000000e+00 1.544445e+02 -1.030406e+01
9.430012e+01 0.000000e+00 4.918309e+01 4.511703e+01
-2.449023e+00 0.000000e+00 4.918309e+01 -5.163211e+01
2.017302e+02 0.000000e+00 1.334271e+02 6.830308e+01
1.000290e+02 0.000000e+00 1.334271e+02 -3.339809e+01
8.922951e+01 0.000000e+00 9.290579e+01 -3.676272e+00
9.734337e+01 0.000000e+00 9.290579e+01 4.437582e+00
2.242991e+02 0.000000e+00 1.911625e+02 3.313659e+01
1.611921e+02 0.000000e+00 1.911625e+02 -2.997042e+01
1.459627e+02 0.000000e+00 1.067675e+02 3.919516e+01
7.348368e+01 0.000000e+00 1.067675e+02 -3.328385e+01
1.176015e+02 0.000000e+00 1.266610e+02 -9.059481e+00
1.385844e+02 0.000000e+00 1.266610e+02 1.192336e+01
1.054774e+02 0.000000e+00 1.038642e+02 1.613218e+00
1.011877e+02 0.000000e+00 1.038642e+02 -2.676488e+00
4.652981e+01 0.000000e+00 4.662861e+01 -9.879316e-02
4.614485e+01 0.000000e+00 4.662861e+01 -4.837548e-01
1.084577e+02 0.000000e+00 8.262514e+01 2.583261e+01
5.666520e+01 0.000000e+00 8.262514e+01 -2.595994e+01
