1.326960e+02 0.000000e+00 1.186387e+02 1.405735e+01
1.055497e+02 0.000000e+00 1.186387e+02 -1.308905e+01
2.473099e+02 0.000000e+00 1.692475e+02 7.806247e+01
9.848799e+01 0.000000e+00 1.692475e+02 -7.075948e+01
3.093683e+02 2.931461e+02 2.931461e+02 3.093683e+02
2.786853e+02 2.931461e+02 2.931461e+02 2.786853e+02
3.100245e+02 0.000000e+00 2.638003e+02 4.622415e+01
2.034756e+02 0.000000e+00 2.638003e+02 -6.032466e+01
2.072609e+02 0.000000e+00 1.677071e+02 3.955380e+01
1.167297e+02 0.000000e+00 1.677071e+02 -5.097735e+01
1.566560e+02 0.000000e+00 1.590907e+02 -2.434634e+00
1.601963e+02 0.000000e+00 1.590907e+02 1.105640e+00
1.584933e+02 0.000000e+00 1.643400e+02 -5.846699e+00
1.707563e+02 0.000000e+00 1.643400e+02 6.416318e+00
1.567828e+02 0.000000e+00 1.766293e+02 -1.984648e+01
1.987868e+02 0.000000e+00 1.766293e+02 2.215744e+01
1.706932e+02 0.000000e+00 1.688685e+02 1.824725e+00
1.667684e+02 0.000000e+00 1.688685e+02 -2.100074e+00
8.087848e+01 0.000000e+00 1.102481e+02 -2.936963e+01
1.329900e+02 0.000000e+00 1.102481e+02 2.274192e+01
1.665537e+02 0.000000e+00 1.500088e+02 1.654492e+01
1.358114e+02 0.000000e+00 1.500088e+02 -1.419745e+01
2.622159e+02 0.000000e+00 2.445487e+02 1.766722e+01
2.212951e+02 0.000000e+00 2.445487e+02 -2.325358e+01
1.508933e+02 0.000000e+00 1.511659e+02 -2.726887e-01
1.495725e+02 0.000000e+00 1.511659e+02 -1.593452e+00
1.650917e+02 0.000000e+00 1.743723e+02 -9.280560e+00
1.844991e+02 0.000000e+00 1.743723e+02 1.012682e+01
3.474504e+02 0.000000e+00 3.265129e+02 2.093749e+01
3.050155e+02 0.000000e+00 3.265129e+02 -2.149740e+01
1.815877e+02 0.000000e+00 1.604916e+02 2.109617e+01
1.391814e+02 0.000000e+00 1.604916e+02 -2.131018e+01
2.164162e+02 0.000000e+00 1.776873e+02 3.872891e+01
1.458841e+02 0.000000e+00 1.776873e+02 -3.180319e+01
1.100137e+02 0.000000e+00 6.972913e+01 4.028458e+01
2.610907e+01 0.000000e+00 6.972913e+01 -4.362006e+01
2.757371e+02 0.000000e+00 1.912427e+02 8.449446e+01
1.558959e+02 0.000000e+00 1.912427e+02 -3.534683e+01
8.515247e+01 0.000000e+00 1.044384e+02 -1.928589e+01
1.242411e+02 0.000000e+00 1.044384e+02 1.980271e+01
2.582573e+02 0.000000e+00 2.569239e+02 1.333380e+00
2.555145e+02 0.000000e+00 2.569239e+02 -1.409443e+00
1.766438e+02 0.000000e+00 1.342001e+02 4.244369e+01
1.018953e+02 0.000000e+00 1.342001e+02 -3.230476e+01
1.686470e+02 0.000000e+00 1.634373e+02 5.209639e+00
1.587960e+02 0.000000e+00 1.634373e+02 -4.641324e+00
1.303298e+02 0.000000e+00 1.246380e+02 5.691854e+00
1.190277e+02 0.000000e+00 1.246380e+02 -5.610237e+00
9.074054e+01 0.000000e+00 1.081831e+02 -1.744259e+01
1.306902e+02 0.000000e+00 1.081831e+02 2.250705e+01
1.274995e+02 0.000000e+00 1.168173e+02 1.068220e+01
1.083808e+02 0.000000e+00 1.168173e+02 -8.436487e+00
