2.174476e+02 0.000000e+00 1.813696e+02 3.607796e+01
1.463511e+02 0.000000e+00 1.813696e+02 -3.501852e+01
1.799396e+02 0.000000e+00 1.408075e+02 3.913211e+01
1.035242e+02 0.000000e+00 1.408075e+02 -3.728331e+01
1.358573e+02 0.000000e+00 1.235786e+02 1.227863e+01
1.119721e+02 0.000000e+00 1.235786e+02 -1.160650e+01
3.085487e+02 0.000000e+00 2.216680e+02 8.688069e+01
6.956582e+01 0.000000e+00 2.216680e+02 -1.521022e+02
3.102892e+02 0.000000e+00 2.853440e+02 2.494525e+01
2.531923e+02 0.000000e+00 2.853440e+02 -3.215167e+01
2.665178e+02 0.000000e+00 2.226844e+02 4.383331e+01
1.731942e+02 0.000000e+00 2.226844e+02 -4.949030e+01
1.976631e+02 0.000000e+00 1.886949e+02 8.968185e+00
1.773896e+02 0.000000e+00 1.886949e+02 -1.130531e+01
2.521513e+02 0.000000e+00 2.734311e+02 -2.127982e+01
2.984748e+02 0.000000e+00 2.734311e+02 2.504370e+01
3.204040e+02 0.000000e+00 3.252143e+02 -4.810303e+00
3.300492e+02 0.000000e+00 3.252143e+02 4.834930e+00
1.633993e+02 0.000000e+00 2.700762e+02 -1.066769e+02
3.437430e+02 0.000000e+00 2.700762e+02 7.366684e+01
3.349164e+02 0.000000e+00 2.172656e+02 1.176507e+02
1.306928e+02 0.000000e+00 2.172656e+02 -8.657280e+01
5.113125e+02 0.000000e+00 4.090211e+02 1.022914e+02
2.869836e+02 0.000000e+00 4.090211e+02 -1.220374e+02
2.221061e+02 0.000000e+00 2.554155e+02 -3.330942e+01
2.926266e+02 0.000000e+00 2.554155e+02 3.721104e+01
1.573600e+02 0.000000e+00 2.002752e+02 -4.291516e+01
2.450002e+02 0.000000e+00 2.002752e+02 4.472502e+01
9.621426e+02 0.000000e+00 9.724592e+02 -1.031653e+01
9.837620e+02 0.000000e+00 9.724592e+02 1.130280e+01
3.720970e+02 0.000000e+00 3.490719e+02 2.302518e+01
3.253891e+02 0.000000e+00 3.490719e+02 -2.368274e+01
5.707820e+02 0.000000e+00 5.246309e+02 4.615106e+01
4.736318e+02 0.000000e+00 5.246309e+02 -5.099915e+01
4.629752e+02 4.246179e+02 4.246179e+02 4.629752e+02
3.828470e+02 4.246179e+02 4.246179e+02 3.828470e+02
3.502663e+02 0.000000e+00 3.279747e+02 2.229156e+01
3.141566e+02 0.000000e+00 3.279747e+02 -1.381815e+01
1.244774e+02 0.000000e+00 1.671276e+02 -4.265016e+01
2.133522e+02 0.000000e+00 1.671276e+02 4.622467e+01
1.365748e+02 0.000000e+00 1.915369e+02 -5.496216e+01
2.355296e+02 0.000000e+00 1.915369e+02 4.399269e+01
1.850642e+02 0.000000e+00 1.861964e+02 -1.132141e+00
1.871907e+02 0.000000e+00 1.861964e+02 9.943085e-01
2.809191e+02 0.000000e+00 2.595349e+02 2.138416e+01
2.319295e+02 0.000000e+00 2.595349e+02 -2.760541e+01
1.566796e+02 0.000000e+00 1.780361e+02 -2.135654e+01
1.972198e+02 0.000000e+00 1.780361e+02 1.918367e+01
3.398553e+02 0.000000e+00 3.484156e+02 -8.560364e+00
3.565397e+02 0.000000e+00 3.484156e+02 8.124084e+00
1.605896e+02 0.000000e+00 1.324376e+02 2.815195e+01
1.085123e+02 0.000000e+00 1.324376e+02 -2.392535e+01
