1.158409e+02 0.000000e+00 1.158672e+02 -2.630003e-02
1.155579e+02 0.000000e+00 1.158672e+02 -3.093642e-01
1.970273e+02 0.000000e+00 1.434355e+02 5.359188e+01
9.473485e+01 0.000000e+00 1.434355e+02 -4.870061e+01
2.577573e+01 0.000000e+00 4.050141e+01 -1.472568e+01
5.299109e+01 0.000000e+00 4.050141e+01 1.248968e+01
2.006291e+02 0.000000e+00 1.595323e+02 4.109683e+01
1.112157e+02 0.000000e+00 1.595323e+02 -4.831657e+01
1.707112e+02 0.000000e+00 1.437167e+02 2.699451e+01
1.083129e+02 0.000000e+00 1.437167e+02 -3.540381e+01
1.128494e+02 0.000000e+00 1.024897e+02 1.035968e+01
9.159147e+01 0.000000e+00 1.024897e+02 -1.089821e+01
1.261630e+02 0.000000e+00 1.442829e+02 -1.811990e+01
1.635113e+02 0.000000e+00 1.442829e+02 1.922841e+01
1.241392e+02 0.000000e+00 1.335630e+02 -9.423743e+00
1.454636e+02 0.000000e+00 1.335630e+02 1.190065e+01
1.225167e+02 0.000000e+00 1.261054e+02 -3.588772e+00
1.296106e+02 0.000000e+00 1.261054e+02 3.505182e+00
1.036919e+02 0.000000e+00 1.181730e+02 -1.448111e+01
1.303086e+02 0.000000e+00 1.181730e+02 1.213563e+01
1.077756e+02 0.000000e+00 9.829558e+01 9.479988e+00
9.108841e+01 0.000000e+00 9.829558e+01 -7.207171e+00
2.301851e+02 0.000000e+00 1.953369e+02 3.484814e+01
1.532670e+02 0.000000e+00 1.953369e+02 -4.206992e+01
1.158238e+02 0.000000e+00 1.109387e+02 4.885065e+00
1.064789e+02 0.000000e+00 1.109387e+02 -4.459886e+00
1.267729e+02 0.000000e+00 1.312206e+02 -4.447658e+00
1.360245e+02 0.000000e+00 1.312206e+02 4.803973e+00
2.699183e+02 0.000000e+00 2.656795e+02 4.238749e+00
2.613837e+02 0.000000e+00 2.656795e+02 -4.295767e+00
1.735975e+02 0.000000e+00 1.480815e+02 2.551601e+01
1.234474e+02 0.000000e+00 1.480815e+02 -2.463408e+01
2.135505e+02 0.000000e+00 1.774535e+02 3.609700e+01
1.506305e+02 0.000000e+00 1.774535e+02 -2.682307e+01
7.594166e+01 0.000000e+00 3.725486e+01 3.868680e+01
-8.486146e+00 0.000000e+00 3.725486e+01 -4.574100e+01
2.091529e+02 0.000000e+00 1.226555e+02 8.649740e+01
8.205273e+01 0.000000e+00 1.226555e+02 -4.060276e+01
2.915556e+02 2.849919e+02 2.849919e+02 2.915556e+02
2.783920e+02 2.849919e+02 2.849919e+02 2.783920e+02
2.478535e+02 0.000000e+00 2.204241e+02 2.742941e+01
1.966546e+02 0.000000e+00 2.204241e+02 -2.376948e+01
1.643967e+02 0.000000e+00 1.162275e+02 4.816922e+01
7.453417e+01 0.000000e+00 1.162275e+02 -4.169330e+01
1.113313e+02 0.000000e+00 1.245946e+02 -1.326329e+01
1.416164e+02 0.000000e+00 1.245946e+02 1.702186e+01
9.860350e+01 0.000000e+00 9.635834e+01 2.245158e+00
9.381106e+01 0.000000e+00 9.635834e+01 -2.547282e+00
4.553048e+01 0.000000e+00 3.849421e+01 7.036272e+00
2.772153e+01 0.000000e+00 3.849421e+01 -1.077267e+01
1.085244e+02 0.000000e+00 8.947137e+01 1.905302e+01
6.921210e+01 0.000000e+00 8.947137e+01 -2.025927e+01
