9.079950e+01 0.000000e+00 9.074529e+01 5.421170e-02
9.016230e+01 0.000000e+00 9.074529e+01 -5.829928e-01
1.754868e+02 0.000000e+00 1.117005e+02 6.378627e+01
5.245336e+01 0.000000e+00 1.117005e+02 -5.924719e+01
1.747865e+01 0.000000e+00 1.973627e+01 -2.257617e+00
2.170086e+01 0.000000e+00 1.973627e+01 1.964589e+00
1.660718e+02 0.000000e+00 1.248530e+02 4.121887e+01
7.493398e+01 0.000000e+00 1.248530e+02 -4.991901e+01
1.645686e+02 0.000000e+00 1.380614e+02 2.650720e+01
1.030538e+02 0.000000e+00 1.380614e+02 -3.500753e+01
8.288036e+01 0.000000e+00 7.611802e+01 6.762341e+00
6.902159e+01 0.000000e+00 7.611802e+01 -7.096432e+00
9.862285e+01 0.000000e+00 1.143190e+02 -1.569619e+01
1.306941e+02 0.000000e+00 1.143190e+02 1.637501e+01
8.586147e+01 0.000000e+00 9.563544e+01 -9.773975e+00
1.076949e+02 0.000000e+00 9.563544e+01 1.205944e+01
1.049003e+02 0.000000e+00 1.068292e+02 -1.928918e+00
1.092155e+02 0.000000e+00 1.068292e+02 2.386247e+00
5.748263e+01 0.000000e+00 8.371254e+01 -2.622991e+01
1.054959e+02 0.000000e+00 8.371254e+01 2.178335e+01
1.017260e+02 0.000000e+00 8.940496e+01 1.232107e+01
7.915752e+01 0.000000e+00 8.940496e+01 -1.024744e+01
1.661984e+02 0.000000e+00 1.457709e+02 2.042748e+01
1.211638e+02 0.000000e+00 1.457709e+02 -2.460708e+01
9.067203e+01 0.000000e+00 8.608114e+01 4.590896e+00
8.123041e+01 0.000000e+00 8.608114e+01 -4.850731e+00
5.222996e+01 0.000000e+00 6.009901e+01 -7.869050e+00
6.827663e+01 0.000000e+00 6.009901e+01 8.177625e+00
3.316524e+02 3.405281e+02 3.405281e+02 3.316524e+02
3.496341e+02 3.405281e+02 3.405281e+02 3.496341e+02
9.700578e+01 0.000000e+00 7.938417e+01 1.762162e+01
6.272224e+01 0.000000e+00 7.938417e+01 -1.666192e+01
1.553628e+02 0.000000e+00 1.323902e+02 2.297261e+01
1.145097e+02 0.000000e+00 1.323902e+02 -1.788051e+01
4.653751e+01 0.000000e+00 1.247334e+01 3.406418e+01
-2.641380e+01 0.000000e+00 1.247334e+01 -3.888713e+01
1.771186e+02 0.000000e+00 1.129014e+02 6.421726e+01
8.045390e+01 0.000000e+00 1.129014e+02 -3.244746e+01
5.590715e+01 0.000000e+00 6.328298e+01 -7.375830e+00
7.197031e+01 0.000000e+00 6.328298e+01 8.687326e+00
2.112217e+02 0.000000e+00 1.791859e+02 3.203579e+01
1.505554e+02 0.000000e+00 1.791859e+02 -2.863050e+01
1.045310e+02 0.000000e+00 6.772354e+01 3.680748e+01
3.521576e+01 0.000000e+00 6.772354e+01 -3.250778e+01
8.377166e+01 0.000000e+00 1.024517e+02 -1.868004e+01
1.245229e+02 0.000000e+00 1.024517e+02 2.207121e+01
7.976795e+01 0.000000e+00 8.179358e+01 -2.025625e+00
8.344448e+01 0.000000e+00 8.179358e+01 1.650905e+00
2.356398e+01 0.000000e+00 2.148872e+01 2.075258e+00
1.820432e+01 0.000000e+00 2.148872e+01 -3.284404e+00
8.507237e+01 0.000000e+00 6.337555e+01 2.169682e+01
4.080365e+01 0.000000e+00 6.337555e+01 -2.257190e+01
