1.156089e+02 0.000000e+00 1.054239e+02 1.018498e+01
9.459323e+01 0.000000e+00 1.054239e+02 -1.083071e+01
2.013660e+02 0.000000e+00 1.358873e+02 6.547873e+01
7.532775e+01 0.000000e+00 1.358873e+02 -6.055950e+01
3.254013e+01 0.000000e+00 3.476913e+01 -2.228999e+00
3.661762e+01 0.000000e+00 3.476913e+01 1.848489e+00
2.075199e+02 0.000000e+00 1.584852e+02 4.903472e+01
9.837075e+01 0.000000e+00 1.584852e+02 -6.011446e+01
1.829993e+02 0.000000e+00 1.554908e+02 2.750854e+01
1.203461e+02 0.000000e+00 1.554908e+02 -3.514471e+01
1.072159e+02 0.000000e+00 9.899814e+01 8.217743e+00
8.931147e+01 0.000000e+00 9.899814e+01 -9.686671e+00
1.291265e+02 0.000000e+00 1.438882e+02 -1.476166e+01
1.594903e+02 0.000000e+00 1.438882e+02 1.560207e+01
1.282374e+02 0.000000e+00 1.415435e+02 -1.330605e+01
1.577730e+02 0.000000e+00 1.415435e+02 1.622955e+01
1.353949e+02 0.000000e+00 1.310020e+02 4.392887e+00
1.273429e+02 0.000000e+00 1.310020e+02 -3.659049e+00
9.390805e+01 0.000000e+00 1.172536e+02 -2.334554e+01
1.359100e+02 0.000000e+00 1.172536e+02 1.865641e+01
1.229845e+02 0.000000e+00 1.150182e+02 7.966273e+00
1.087446e+02 0.000000e+00 1.150182e+02 -6.273659e+00
2.043525e+02 0.000000e+00 1.795471e+02 2.480537e+01
1.498640e+02 0.000000e+00 1.795471e+02 -2.968310e+01
2.297184e+02 2.313966e+02 2.313966e+02 2.297184e+02
2.328986e+02 2.313966e+02 2.313966e+02 2.328986e+02
1.057550e+02 0.000000e+00 1.155095e+02 -9.754531e+00
1.255540e+02 0.000000e+00 1.155095e+02 1.004445e+01
2.681282e+02 0.000000e+00 2.693192e+02 -1.190958e+00
2.711165e+02 0.000000e+00 2.693192e+02 1.797320e+00
1.365338e+02 0.000000e+00 1.166881e+02 1.984569e+01
9.733341e+01 0.000000e+00 1.166881e+02 -1.935466e+01
2.152962e+02 0.000000e+00 1.787853e+02 3.651088e+01
1.523413e+02 0.000000e+00 1.787853e+02 -2.644399e+01
6.799699e+01 0.000000e+00 2.814471e+01 3.985228e+01
-1.665852e+01 0.000000e+00 2.814471e+01 -4.480323e+01
1.888391e+02 0.000000e+00 1.290379e+02 5.980121e+01
9.833499e+01 0.000000e+00 1.290379e+02 -3.070288e+01
7.828082e+01 0.000000e+00 9.245174e+01 -1.417092e+01
1.086583e+02 0.000000e+00 9.245174e+01 1.620653e+01
2.235814e+02 0.000000e+00 2.010763e+02 2.250510e+01
1.808467e+02 0.000000e+00 2.010763e+02 -2.022955e+01
1.452711e+02 0.000000e+00 9.522246e+01 5.004860e+01
5.233405e+01 0.000000e+00 9.522246e+01 -4.288841e+01
1.066778e+02 0.000000e+00 1.191506e+02 -1.247283e+01
1.345908e+02 0.000000e+00 1.191506e+02 1.544018e+01
9.454394e+01 0.000000e+00 9.609187e+01 -1.547921e+00
9.674110e+01 0.000000e+00 9.609187e+01 6.492294e-01
3.581963e+01 0.000000e+00 3.319827e+01 2.621358e+00
3.011229e+01 0.000000e+00 3.319827e+01 -3.085984e+00
1.029689e+02 0.000000e+00 8.338552e+01 1.958335e+01
6.415817e+01 0.000000e+00 8.338552e+01 -1.922736e+01
