6.328285e+00 0.000000e+00 5.386782e+01 -4.753953e+01
1.015220e+02 0.000000e+00 5.386782e+01 4.765423e+01
5.062874e+02 0.000000e+00 3.738128e+02 1.324746e+02
2.438103e+02 0.000000e+00 3.738128e+02 -1.300025e+02
8.179173e+00 0.000000e+00 6.038615e+01 -5.220697e+01
1.067778e+02 0.000000e+00 6.038615e+01 4.639162e+01
1.451264e+02 0.000000e+00 2.903746e+01 1.160889e+02
-1.198668e+02 0.000000e+00 2.903746e+01 -1.489043e+02
1.423556e+02 0.000000e+00 9.018588e+01 5.216968e+01
3.525803e+01 0.000000e+00 9.018588e+01 -5.492785e+01
1.323359e+02 0.000000e+00 8.618594e+01 4.614997e+01
4.246648e+01 0.000000e+00 8.618594e+01 -4.371946e+01
8.184886e+01 0.000000e+00 1.614784e+02 -7.962955e+01
2.484363e+02 0.000000e+00 1.614784e+02 8.695790e+01
8.612144e+01 0.000000e+00 9.791517e+01 -1.179372e+01
1.125278e+02 0.000000e+00 9.791517e+01 1.461259e+01
1.801372e+02 0.000000e+00 1.068190e+02 7.331816e+01
4.157471e+01 0.000000e+00 1.068190e+02 -6.524432e+01
1.628250e+02 0.000000e+00 1.959142e+02 -3.308920e+01
2.211003e+02 0.000000e+00 1.959142e+02 2.518613e+01
1.447992e+02 0.000000e+00 1.524710e+02 -7.671829e+00
1.602549e+02 0.000000e+00 1.524710e+02 7.783844e+00
9.595932e+02 8.471363e+02 8.471363e+02 9.595932e+02
6.859222e+02 8.471363e+02 8.471363e+02 6.859222e+02
1.265611e+02 0.000000e+00 1.083365e+02 1.822459e+01
9.276821e+01 0.000000e+00 1.083365e+02 -1.556831e+01
2.804146e+02 0.000000e+00 2.815348e+02 -1.120148e+00
2.824383e+02 0.000000e+00 2.815348e+02 9.035034e-01
5.262675e+01 0.000000e+00 1.219527e+02 -6.932592e+01
1.937366e+02 0.000000e+00 1.219527e+02 7.178391e+01
6.429237e+00 0.000000e+00 -3.830536e+01 4.473459e+01
-8.263704e+01 0.000000e+00 -3.830536e+01 -4.433168e+01
1.025217e+02 0.000000e+00 -6.546844e+00 1.090685e+02
-4.814216e+01 0.000000e+00 -6.546844e+00 -4.159532e+01
1.409856e+02 0.000000e+00 7.554173e+01 6.544389e+01
2.707942e+01 0.000000e+00 7.554173e+01 -4.846231e+01
8.610296e+01 0.000000e+00 5.314727e+01 3.295568e+01
2.906831e+01 0.000000e+00 5.314727e+01 -2.407897e+01
-1.475377e+02 0.000000e+00 -3.756840e+01 -1.099693e+02
1.049732e+02 0.000000e+00 -3.756840e+01 1.425416e+02
7.158556e+01 0.000000e+00 7.428968e+01 -2.704124e+00
7.691948e+01 0.000000e+00 7.428968e+01 2.629799e+00
9.599639e+01 0.000000e+00 5.379494e+01 4.220145e+01
2.019090e+01 0.000000e+00 5.379494e+01 -3.360405e+01
1.558832e+02 0.000000e+00 1.956361e+02 -3.975282e+01
2.335132e+02 0.000000e+00 1.956361e+02 3.787718e+01
2.935497e+02 0.000000e+00 2.803276e+02 1.322211e+01
2.655456e+02 0.000000e+00 2.803276e+02 -1.478207e+01
2.404118e+01 0.000000e+00 -2.110855e+01 4.514973e+01
-6.344853e+01 0.000000e+00 -2.110855e+01 -4.233998e+01
1.279869e+02 0.000000e+00 6.979379e+01 5.819312e+01
2.583061e+01 0.000000e+00 6.979379e+01 -4.396318e+01
