1.626514e+02 0.000000e+00 1.572368e+02 5.414568e+00
1.513417e+02 0.000000e+00 1.572368e+02 -5.895060e+00
2.071005e+02 0.000000e+00 1.397349e+02 6.736557e+01
7.801234e+01 0.000000e+00 1.397349e+02 -6.172258e+01
7.391836e+01 0.000000e+00 8.327188e+01 -9.353522e+00
9.189250e+01 0.000000e+00 8.327188e+01 8.620614e+00
2.456192e+02 0.000000e+00 1.978337e+02 4.778545e+01
1.400467e+02 0.000000e+00 1.978337e+02 -5.778707e+01
2.091756e+02 0.000000e+00 1.712152e+02 3.796041e+01
1.231787e+02 0.000000e+00 1.712152e+02 -4.803647e+01
1.492701e+02 0.000000e+00 1.366898e+02 1.258025e+01
1.235121e+02 0.000000e+00 1.366898e+02 -1.317773e+01
1.578180e+02 0.000000e+00 1.758380e+02 -1.801998e+01
1.957031e+02 0.000000e+00 1.758380e+02 1.986511e+01
1.576863e+02 0.000000e+00 1.714732e+02 -1.378692e+01
1.892137e+02 0.000000e+00 1.714732e+02 1.774041e+01
1.440176e+02 0.000000e+00 1.474296e+02 -3.412028e+00
1.504938e+02 0.000000e+00 1.474296e+02 3.064235e+00
1.082928e+02 0.000000e+00 1.249306e+02 -1.663784e+01
1.372238e+02 0.000000e+00 1.249306e+02 1.229311e+01
1.317497e+02 0.000000e+00 1.175732e+02 1.417655e+01
1.072482e+02 0.000000e+00 1.175732e+02 -1.032496e+01
2.982630e+02 0.000000e+00 2.563889e+02 4.187405e+01
2.023600e+02 0.000000e+00 2.563889e+02 -5.402896e+01
1.322034e+02 0.000000e+00 1.206226e+02 1.158082e+01
1.076728e+02 0.000000e+00 1.206226e+02 -1.294985e+01
1.022361e+02 0.000000e+00 1.126613e+02 -1.042516e+01
1.240251e+02 0.000000e+00 1.126613e+02 1.136376e+01
2.921533e+02 0.000000e+00 2.971616e+02 -5.008312e+00
3.016628e+02 0.000000e+00 2.971616e+02 4.501199e+00
1.756616e+02 0.000000e+00 1.518060e+02 2.385556e+01
1.294617e+02 0.000000e+00 1.518060e+02 -2.234431e+01
2.245083e+02 0.000000e+00 1.926940e+02 3.181424e+01
1.698100e+02 0.000000e+00 1.926940e+02 -2.288402e+01
1.266529e+02 0.000000e+00 7.156130e+01 5.509161e+01
6.801446e+00 0.000000e+00 7.156130e+01 -6.475985e+01
1.873527e+02 0.000000e+00 1.279761e+02 5.937665e+01
9.938816e+01 0.000000e+00 1.279761e+02 -2.858791e+01
8.287785e+01 0.000000e+00 9.705515e+01 -1.417730e+01
1.115608e+02 0.000000e+00 9.705515e+01 1.450564e+01
2.319171e+02 0.000000e+00 2.215621e+02 1.035492e+01
2.083105e+02 0.000000e+00 2.215621e+02 -1.325164e+01
1.777935e+02 0.000000e+00 1.265615e+02 5.123201e+01
8.416609e+01 0.000000e+00 1.265615e+02 -4.239544e+01
1.609589e+02 0.000000e+00 1.598934e+02 1.065534e+00
1.616354e+02 0.000000e+00 1.598934e+02 1.742053e+00
1.229922e+02 0.000000e+00 1.177783e+02 5.213965e+00
1.128584e+02 0.000000e+00 1.177783e+02 -4.919858e+00
4.174393e+01 0.000000e+00 5.455934e+01 -1.281542e+01
7.082735e+01 0.000000e+00 5.455934e+01 1.626800e+01
3.088047e+02 2.718822e+02 2.718822e+02 3.088047e+02
2.362096e+02 2.718822e+02 2.718822e+02 2.362096e+02
