1.402280e+01 0.000000e+00 8.626366e+01 -7.224085e+01
1.345228e+02 0.000000e+00 8.626366e+01 4.825919e+01
1.178045e+02 0.000000e+00 9.964364e+01 1.816084e+01
8.561538e+01 0.000000e+00 9.964364e+01 -1.402826e+01
5.854788e+01 0.000000e+00 1.166660e+02 -5.811809e+01
1.778093e+02 0.000000e+00 1.166660e+02 6.114333e+01
2.186410e+01 0.000000e+00 -2.265693e+01 4.452103e+01
-6.873393e+01 0.000000e+00 -2.265693e+01 -4.607700e+01
3.823180e+01 0.000000e+00 5.057158e+01 -1.233979e+01
6.362067e+01 0.000000e+00 5.057158e+01 1.304909e+01
1.022191e+02 0.000000e+00 8.845639e+01 1.376271e+01
6.890143e+01 0.000000e+00 8.845639e+01 -1.955496e+01
-9.563704e-01 0.000000e+00 1.214707e+01 -1.310344e+01
2.668925e+01 0.000000e+00 1.214707e+01 1.454219e+01
1.261948e+02 0.000000e+00 1.516736e+02 -2.547887e+01
1.782276e+02 0.000000e+00 1.516736e+02 2.655397e+01
3.161189e+02 0.000000e+00 2.554551e+02 6.066379e+01
1.920127e+02 0.000000e+00 2.554551e+02 -6.344243e+01
7.604181e+01 0.000000e+00 5.170964e+01 2.433216e+01
3.008419e+01 0.000000e+00 5.170964e+01 -2.162545e+01
1.545003e+02 0.000000e+00 7.690182e+01 7.759848e+01
1.494372e+01 0.000000e+00 7.690182e+01 -6.195810e+01
3.168120e+02 0.000000e+00 2.774405e+02 3.937152e+01
2.292158e+02 0.000000e+00 2.774405e+02 -4.822469e+01
1.837926e+02 0.000000e+00 1.594473e+02 2.434532e+01
1.321954e+02 0.000000e+00 1.594473e+02 -2.725188e+01
6.066356e+01 0.000000e+00 5.107074e+01 9.592815e+00
4.087407e+01 0.000000e+00 5.107074e+01 -1.019667e+01
1.358949e+02 0.000000e+00 1.504432e+02 -1.454829e+01
1.640140e+02 0.000000e+00 1.504432e+02 1.357085e+01
5.427953e+01 0.000000e+00 1.193794e+02 -6.509989e+01
1.876704e+02 0.000000e+00 1.193794e+02 6.829102e+01
1.236570e+02 0.000000e+00 1.456162e+02 -2.195922e+01
1.688309e+02 0.000000e+00 1.456162e+02 2.321463e+01
6.246340e+01 0.000000e+00 2.399403e+01 3.846937e+01
-1.609698e+01 0.000000e+00 2.399403e+01 -4.009101e+01
3.949373e+02 0.000000e+00 2.656347e+02 1.293026e+02
2.184609e+02 0.000000e+00 2.656347e+02 -4.717378e+01
7.937395e+00 0.000000e+00 4.322268e+01 -3.528528e+01
7.852987e+01 0.000000e+00 4.322268e+01 3.530719e+01
1.647905e+02 0.000000e+00 1.015552e+02 6.323534e+01
2.896382e+01 0.000000e+00 1.015552e+02 -7.259138e+01
1.576334e+02 0.000000e+00 3.694542e+01 1.206879e+02
-9.018980e+01 0.000000e+00 3.694542e+01 -1.271352e+02
6.656864e+01 0.000000e+00 7.187285e+01 -5.304207e+00
7.616302e+01 0.000000e+00 7.187285e+01 4.290176e+00
3.600748e+01 0.000000e+00 1.250311e+01 2.350437e+01
-8.112757e+00 0.000000e+00 1.250311e+01 -2.061587e+01
4.231514e+01 0.000000e+00 5.838063e+00 3.647708e+01
-3.556136e+01 0.000000e+00 5.838063e+00 -4.139942e+01
6.629164e+02 5.429696e+02 5.429696e+02 6.629164e+02
4.495139e+02 5.429696e+02 5.429696e+02 4.495139e+02
