1.907218e+02 0.000000e+00 1.505340e+02 4.018776e+01
9.856744e+01 0.000000e+00 1.505340e+02 -5.196657e+01
4.211749e+02 0.000000e+00 3.263444e+02 9.483054e+01
2.277035e+02 0.000000e+00 3.263444e+02 -9.864090e+01
-2.686666e+00 0.000000e+00 -1.916332e+01 1.647665e+01
-3.103519e+01 0.000000e+00 -1.916332e+01 -1.187187e+01
7.401646e+01 0.000000e+00 3.905834e+01 3.495812e+01
-4.845543e+00 0.000000e+00 3.905834e+01 -4.390388e+01
2.922827e+02 0.000000e+00 2.577142e+02 3.456851e+01
2.080219e+02 0.000000e+00 2.577142e+02 -4.969237e+01
1.001290e+02 0.000000e+00 1.008734e+02 -7.443619e-01
1.017975e+02 0.000000e+00 1.008734e+02 9.241638e-01
2.063062e+02 0.000000e+00 2.122550e+02 -5.948792e+00
2.186135e+02 0.000000e+00 2.122550e+02 6.358521e+00
1.440706e+02 0.000000e+00 1.962846e+02 -5.221400e+01
2.407334e+02 0.000000e+00 1.962846e+02 4.444882e+01
3.081688e+02 0.000000e+00 2.950181e+02 1.315070e+01
2.833692e+02 0.000000e+00 2.950181e+02 -1.164890e+01
1.147659e+02 0.000000e+00 1.523872e+02 -3.762135e+01
1.829930e+02 0.000000e+00 1.523872e+02 3.060579e+01
3.602119e+02 0.000000e+00 2.619423e+02 9.826956e+01
1.636875e+02 0.000000e+00 2.619423e+02 -9.825476e+01
2.790356e+02 0.000000e+00 2.921279e+02 -1.309235e+01
3.054869e+02 0.000000e+00 2.921279e+02 1.335901e+01
4.007735e+02 0.000000e+00 3.124576e+02 8.831592e+01
2.211786e+02 0.000000e+00 3.124576e+02 -9.127896e+01
1.585080e+02 0.000000e+00 1.402460e+02 1.826201e+01
1.170677e+02 0.000000e+00 1.402460e+02 -2.317827e+01
5.754395e+02 0.000000e+00 5.734259e+02 2.013611e+00
5.716157e+02 0.000000e+00 5.734259e+02 -1.810181e+00
1.557684e+02 0.000000e+00 1.047607e+02 5.100764e+01
5.187801e+01 0.000000e+00 1.047607e+02 -5.288274e+01
8.495919e+01 0.000000e+00 1.098349e+02 -2.487572e+01
1.372563e+02 0.000000e+00 1.098349e+02 2.742144e+01
2.881228e+02 0.000000e+00 2.289074e+02 5.921536e+01
1.592140e+02 0.000000e+00 2.289074e+02 -6.969341e+01
2.651845e+02 0.000000e+00 2.490129e+02 1.617160e+01
2.418108e+02 0.000000e+00 2.490129e+02 -7.202103e+00
-4.097388e+01 0.000000e+00 -2.551023e+00 -3.842286e+01
4.147944e+01 0.000000e+00 -2.551023e+00 4.403046e+01
1.621868e+02 0.000000e+00 1.788376e+02 -1.665088e+01
1.971026e+02 0.000000e+00 1.788376e+02 1.826495e+01
4.139750e+02 0.000000e+00 1.715624e+02 2.424125e+02
1.375032e+01 0.000000e+00 1.715624e+02 -1.578121e+02
5.537768e+02 5.859418e+02 5.859418e+02 5.537768e+02
6.189241e+02 5.859418e+02 5.859418e+02 6.189241e+02
1.022069e+02 0.000000e+00 1.191161e+02 -1.690915e+01
1.360860e+02 0.000000e+00 1.191161e+02 1.696992e+01
1.015402e+02 0.000000e+00 6.734689e+01 3.419331e+01
2.448806e+01 0.000000e+00 6.734689e+01 -4.285883e+01
1.900428e+02 0.000000e+00 1.555065e+02 3.453635e+01
1.114310e+02 0.000000e+00 1.555065e+02 -4.407547e+01
