-1.828416e+01 0.000000e+00 3.403671e+01 -5.232087e+01
8.373427e+01 0.000000e+00 3.403671e+01 4.969756e+01
4.659392e+02 0.000000e+00 3.384525e+02 1.274867e+02
2.520289e+02 0.000000e+00 3.384525e+02 -8.642365e+01
4.176045e+02 0.000000e+00 2.999967e+02 1.176078e+02
2.174359e+02 0.000000e+00 2.999967e+02 -8.256078e+01
9.685201e+02 8.559194e+02 8.559194e+02 9.685201e+02
6.052535e+02 8.559194e+02 8.559194e+02 6.052535e+02
2.515871e+02 0.000000e+00 2.332324e+02 1.835471e+01
2.121328e+02 0.000000e+00 2.332324e+02 -2.109958e+01
2.783749e+02 0.000000e+00 3.179068e+02 -3.953192e+01
3.640347e+02 0.000000e+00 3.179068e+02 4.612790e+01
2.089485e+02 0.000000e+00 2.096329e+02 -6.844330e-01
2.102810e+02 0.000000e+00 2.096329e+02 6.480408e-01
3.743841e+02 0.000000e+00 3.833384e+02 -8.954315e+00
3.939365e+02 0.000000e+00 3.833384e+02 1.059802e+01
7.283518e+01 0.000000e+00 7.575067e+01 -2.915489e+00
7.817126e+01 0.000000e+00 7.575067e+01 2.420586e+00
1.022576e+02 0.000000e+00 1.295338e+02 -2.727625e+01
1.482135e+02 0.000000e+00 1.295338e+02 1.867970e+01
1.943988e+02 0.000000e+00 1.548054e+02 3.959340e+01
1.101995e+02 0.000000e+00 1.548054e+02 -4.460595e+01
1.803514e+02 0.000000e+00 2.040417e+02 -2.369028e+01
2.320101e+02 0.000000e+00 2.040417e+02 2.796844e+01
1.114318e+02 0.000000e+00 1.532245e+02 -4.179265e+01
1.884148e+02 0.000000e+00 1.532245e+02 3.519031e+01
2.685268e+02 0.000000e+00 3.051549e+02 -3.662805e+01
3.429723e+02 0.000000e+00 3.051549e+02 3.781741e+01
5.981635e+02 0.000000e+00 4.866850e+02 1.114785e+02
3.648539e+02 0.000000e+00 4.866850e+02 -1.218310e+02
1.576964e+02 0.000000e+00 1.735773e+02 -1.588094e+01
1.876573e+02 0.000000e+00 1.735773e+02 1.407997e+01
6.923125e+01 0.000000e+00 1.052858e+02 -3.605456e+01
1.425143e+02 0.000000e+00 1.052858e+02 3.722845e+01
1.142944e+02 0.000000e+00 8.954071e+01 2.475371e+01
5.692966e+01 0.000000e+00 8.954071e+01 -3.261105e+01
4.544809e+02 0.000000e+00 2.507300e+02 2.037509e+02
2.012995e+02 0.000000e+00 2.507300e+02 -4.943050e+01
3.025427e+02 0.000000e+00 3.182913e+02 -1.574863e+01
3.348384e+02 0.000000e+00 3.182913e+02 1.654706e+01
5.165709e+02 0.000000e+00 5.666918e+02 -5.012091e+01
6.173532e+02 0.000000e+00 5.666918e+02 5.066144e+01
2.541218e+02 0.000000e+00 1.900245e+02 6.409732e+01
1.363206e+02 0.000000e+00 1.900245e+02 -5.370395e+01
9.577858e+01 0.000000e+00 1.011849e+02 -5.406273e+00
1.084359e+02 0.000000e+00 1.011849e+02 7.251022e+00
1.888961e+02 0.000000e+00 1.886800e+02 2.161255e-01
1.884867e+02 0.000000e+00 1.886800e+02 -1.933136e-01
2.356734e+02 0.000000e+00 3.431294e+02 -1.074559e+02
4.573837e+02 0.000000e+00 3.431294e+02 1.142543e+02
5.050831e+01 0.000000e+00 8.719505e+01 -3.668673e+01
1.349570e+02 0.000000e+00 8.719505e+01 4.776191e+01
