2.482546e+02 0.000000e+00 2.106323e+02 3.762227e+01
1.714941e+02 0.000000e+00 2.106323e+02 -3.913823e+01
4.239181e+02 0.000000e+00 3.054752e+02 1.184429e+02
2.045271e+02 0.000000e+00 3.054752e+02 -1.009482e+02
5.737046e+02 0.000000e+00 5.236064e+02 5.009821e+01
4.671633e+02 0.000000e+00 5.236064e+02 -5.644308e+01
4.113137e+02 0.000000e+00 3.523940e+02 5.891974e+01
2.676476e+02 0.000000e+00 3.523940e+02 -8.474640e+01
2.426083e+02 0.000000e+00 2.404850e+02 2.123276e+00
2.383409e+02 0.000000e+00 2.404850e+02 -2.144150e+00
1.960332e+02 0.000000e+00 2.054781e+02 -9.444901e+00
2.165300e+02 0.000000e+00 2.054781e+02 1.105188e+01
1.138778e+02 0.000000e+00 1.287846e+02 -1.490677e+01
1.421311e+02 0.000000e+00 1.287846e+02 1.334654e+01
6.746436e+01 0.000000e+00 2.065324e+02 -1.390681e+02
3.329865e+02 0.000000e+00 2.065324e+02 1.264541e+02
4.779582e+02 0.000000e+00 4.630504e+02 1.490784e+01
4.437654e+02 0.000000e+00 4.630504e+02 -1.928491e+01
2.042753e+01 0.000000e+00 7.711221e+01 -5.668468e+01
1.213328e+02 0.000000e+00 7.711221e+01 4.422054e+01
3.049136e+02 0.000000e+00 3.078843e+02 -2.970764e+00
3.103887e+02 0.000000e+00 3.078843e+02 2.504333e+00
4.384926e+02 0.000000e+00 4.007486e+02 3.774402e+01
3.540688e+02 0.000000e+00 4.007486e+02 -4.667981e+01
1.603097e+02 0.000000e+00 1.629778e+02 -2.668076e+00
1.662722e+02 0.000000e+00 1.629778e+02 3.294479e+00
2.254192e+02 0.000000e+00 1.959549e+02 2.946428e+01
1.668316e+02 0.000000e+00 1.959549e+02 -2.912328e+01
8.069005e+02 0.000000e+00 7.743821e+02 3.251831e+01
7.333901e+02 0.000000e+00 7.743821e+02 -4.099207e+01
1.867917e+02 0.000000e+00 1.213358e+02 6.545585e+01
5.299734e+01 0.000000e+00 1.213358e+02 -6.833849e+01
1.170263e+02 0.000000e+00 7.492193e+01 4.210435e+01
3.199874e+01 0.000000e+00 7.492193e+01 -4.292319e+01
7.385738e+01 0.000000e+00 2.226405e+01 5.159333e+01
-4.762234e+01 0.000000e+00 2.226405e+01 -6.988638e+01
3.163662e+02 0.000000e+00 2.498177e+02 6.654851e+01
2.116281e+02 0.000000e+00 2.498177e+02 -3.818964e+01
1.463248e+02 0.000000e+00 2.141886e+02 -6.786385e+01
2.654141e+02 0.000000e+00 2.141886e+02 5.122546e+01
8.732369e+02 7.958069e+02 7.958069e+02 8.732369e+02
7.276801e+02 7.958069e+02 7.958069e+02 7.276801e+02
2.035213e+02 0.000000e+00 1.791059e+02 2.441544e+01
1.574323e+02 0.000000e+00 1.791059e+02 -2.167360e+01
8.303600e+01 0.000000e+00 1.069911e+02 -2.395506e+01
1.396044e+02 0.000000e+00 1.069911e+02 3.261333e+01
1.367100e+02 0.000000e+00 1.250488e+02 1.166124e+01
1.119693e+02 0.000000e+00 1.250488e+02 -1.307951e+01
1.745657e+02 0.000000e+00 2.698537e+02 -9.528801e+01
3.731297e+02 0.000000e+00 2.698537e+02 1.032760e+02
2.810884e+02 0.000000e+00 2.462543e+02 3.483412e+01
2.037409e+02 0.000000e+00 2.462543e+02 -4.251332e+01
