0.000936697  0.000431992  -0.00102249  -0.017009  0.506697  -0.873079  
-0.000780381  0.000540953  -0.00112571  -0.0213997  0.493564  -0.90347  
-0.000610158  0.000893954  -0.00136976  -0.0549906  0.489832  -0.915587  
-0.000902309  0.00020257  -0.00103963  -0.0244361  0.457194  -0.86539  
-0.00156895  0.00049376  -0.000801468  -0.0162152  0.466291  -0.858299  
-0.00183221  0.000374904  -0.000785896  -0.00648586  0.475658  -0.809806  
-0.00242469  0.000473768  -0.000856602  -0.0161064  0.466976  -0.817836  
-0.0022248  0.000473768  -0.00105144  -0.0192216  0.459526  -0.832468  
-0.00210978  0.000473768  -0.00113229  -0.0195815  0.466792  -0.774614  
-0.00237345  0.000473768  -0.000589852  -0.00634578  0.443324  -0.805817  
-0.00252811  7.1652e-05  -0.000599735  -0.00010726  0.457433  -0.782812  
-0.00260155  0.000339806  -0.000585798  -0.00643615  0.440288  -0.717269  
-0.0031266  0.000473768  -0.00078729  0.0162832  0.447201  -0.742903  
-0.0035455  0.000179727  -0.000726344  0.0298022  0.410952  -0.712076  
-0.0031114  2.76628e-05  -0.000829104  0.0254694  0.410627  -0.761402  
-0.00370473  -0.000135729  -0.000782647  0.0217143  0.411064  -0.751934  
-0.00338  0.000210507  -0.000946824  0.00477461  0.366941  -0.693635  
-0.00358045  0.000473768  -0.000369618  0.00206402  0.367002  -0.674067  
-0.00305131  7.93211e-05  -0.000502686  0.00713852  0.34625  -0.61929  
-0.00384513  4.01509e-05  -0.00041745  0.0186375  0.378914  -0.603515  
-0.00283423  5.07947e-05  -0.000403899  0.0236374  0.337413  -0.612197  
-0.0036797  5.07947e-05  -0.00048307  0.0168092  0.357953  -0.624658  
-0.00343897  5.07947e-05  -0.000318297  0.014801  0.327523  -0.582618  
-0.00359094  5.07947e-05  -0.00012812  0.023732  0.354137  -0.623194  
-0.00336155  5.07947e-05  -0.00012812  0.023732  0.345052  -0.593365  
-0.00325998  5.07947e-05  -0.00012812  0.023732  0.324996  -0.603502  
-0.003528  5.07947e-05  -0.00012812  0.0298955  0.363816  -0.626253  
-0.00327146  0.000200868  -0.000537605  0.0236955  0.329395  -0.486933  
-0.00346714  -0.000368082  -0.000225635  0.0234901  0.295919  -0.550574  
-0.00275384  -0.000185234  -9.09516e-05  0.0205503  0.300288  -0.51388  
-0.00273854  -0.000315227  -0.00016664  0.0235483  0.335684  -0.499254  
-0.00261741  -0.000368082  -7.31676e-06  0.0235167  0.293864  -0.57591  
-0.00279632  -0.000274291  6.75513e-05  0.0236247  0.327042  -0.544301  
-0.00254722  -0.000368082  -0.000230286  0.0201968  0.286617  -0.545073  
-0.00269169  -0.000368082  -2.2185e-05  0.0235307  0.278002  -0.559406  
-0.00233259  -0.000682472  1.89466e-06  0.0211536  0.223086  -0.593985  
-0.00205574  -0.000368082  0.000202209  0.00942632  0.2352  -0.605505  
-0.0024161  -0.000368082  -0.000119587  0.00690231  0.29672  -0.632642  
-0.00246956  -0.000599206  -9.41157e-05  0.0173779  0.265085  -0.642025  
-0.00309974  -0.000561361  -0.000255803  0.00921738  0.269746  -0.625941  
-0.00262986  -0.000459577  -0.000197471  0.00480829  0.259515  -0.566776  
-0.00313072  -0.000368082  0.000162018  0.0235749  0.251512  -0.528673  
-0.00233892  -0.000316628  -4.48001e-06  0.0207571  0.211123  -0.551956  
-0.00247087  -0.000368082  -2.96401e-05  0.023537  0.254349  -0.498707  
-0.00232323  -0.000475123  0.000212674  0.0234774  0.19728  -0.536438  
-0.00220672  -0.000368082  8.86402e-05  0.0235113  0.224044  -0.531751  
-0.00193609  -0.000502888  0.000164924  0.0234351  0.211255  -0.549594  
-0.00247299  -0.000368082  0.000237174  0.0235412  0.207538  -0.514548  
-0.00267587  -0.000368082  0.000368652  0.023562  0.214315  -0.519221  
-0.00254364  -0.000368082  0.000313208  0.0235533  0.21105  -0.523702  
-0.00216249  -0.000368082  0.000313208  0.0235533  0.226657  -0.523607  
-0.00251843  -0.000368082  0.0003634  0.0235597  0.203524  -0.525992  
-0.00253808  -0.000368082  0.000377903  0.023557  0.21641  -0.482498  
-0.00281372  -0.000368082  0.000313208  0.0152195  0.196408  -0.480224  
-0.00288363  -0.000368082  0.000313208  0.0235533  0.218133  -0.411228  
-0.00255897  -0.000368082  3.80089e-06  0.0235167  0.160813  -0.469103  
-0.00231564  -0.000295611  -9.80841e-05  0.00530748  0.175386  -0.469121  
-0.00190438  -0.00034956  -9.80841e-05  -0.01286  0.163276  -0.361002  
-0.0021031  -0.0003853  -9.80841e-05  0.00115864  0.149029  -0.436401  
-0.00187416  -0.000405081  -0.000280167  -0.00797588  0.132253  -0.402483  
-0.00209386  -0.000265947  -9.80842e-05  -0.0214916  0.118528  -0.407469  
-0.00187895  -0.000346216  -9.80841e-05  -0.0114685  0.128041  -0.392209  
-0.00143223  -0.000239924  -0.000157044  -0.0114229  0.0892305  -0.306833  
-0.0013082  -0.000227824  -0.000173633  0.00813927  0.112091  -0.299072  
-0.000853727  -0.000129847  -9.80841e-05  0.0129439  0.0433623  -0.318414  
-0.00113174  6.67051e-05  -9.80841e-05  0.0206419  0.0732759  -0.234071  
-0.000901508  -0.000428789  -9.80841e-05  -0.0119648  0.0433315  -0.268054  
-0.00109794  6.67051e-05  -9.80841e-05  0.00885059  0.0686395  -0.170913  
-0.000503523  6.67051e-05  9.21429e-05  0.0285145  0.0432812  -0.206904  
0.000363901  6.67051e-05  0.000245161  0.0235841  0.01087  -0.209904  
-0.000114371  -0.0003154  2.76934e-05  0.0295708  0.0212689  -0.192082  
-0.000284661  -9.86315e-05  7.54866e-05  0.0206543  -0.0130685  -0.165475  
-0.000114371  -0.000123168  0.000325789  0.010782  -0.0130997  -0.163527  
-3.82838e-06  -3.57959e-05  -9.80841e-05  0.000960733  -0.00162172  -0.000560392  
0.000649806  -0.000410799  0.000570743  0.0155881  -0.0519535  -0.104141  
0.000702687  -0.000247856  0.000585871  0.0145414  -0.0453765  -0.0926291  
0.000921967  -0.000669581  0.000432227  0.00698293  -0.0519127  -0.0760743  
0.00109889  -0.000585856  0.000464229  0.000895147  -0.0519152  0.00295894  
0.00140521  -0.000585856  0.000522512  0.000904845  -0.0681774  -0.0192622  
0.00092081  -0.000585856  0.000106321  0.018428  -0.0406319  0.0622926  
0.00186091  -0.000585856  0.00041683  0.0141312  -0.0963384  -0.0478931  
0.00174827  -0.000585856  0.000490588  0.0201431  -0.0744298  0.0105477  
0.00189954  -0.000585856  0.000904168  0.0252419  -0.0925942  -0.0276444  
0.00165004  -0.000585856  0.000469598  0.000854872  -0.0874244  0.0275775  
0.00145771  -0.000585856  0.000469598  -0.00363237  -0.110865  0.0219118  
0.00148571  -0.000381131  0.000469598  -0.0052746  -0.122046  0.095245  
0.00250149  -0.000159341  0.000469598  -0.0197679  -0.146653  0.0454538  
0.00181433  -0.000412613  0.000469598  0.00351292  -0.135431  0.102502  
0.00250149  -0.000585856  0.000469598  -0.00535347  -0.162119  0.0846506  
0.00225149  -0.000209212  0.000469598  -0.011504  -0.135354  0.0672553  
0.00225149  -0.000585856  0.00040334  -0.00352309  -0.156876  0.114767  
0.00225149  -0.000585856  0.000469598  0.000528086  -0.154807  0.060561  
0.0027208  -0.000406999  0.000469598  0.00747789  -0.154719  0.105885  
0.00297591  -2.04839e-06  0.000469598  -0.0168622  -0.176322  0.0892756  
0.0027208  -0.000262234  0.000469598  -0.0168486  -0.158974  0.178063  
0.00311458  7.39044e-05  0.000469598  -0.00581049  -0.188963  0.127323  
0.0027208  -6.56545e-05  0.00041275  -0.000706939  -0.170426  0.148708  
0.00336078  -3.13171e-06  0.000402459  -0.0168972  -0.219581  0.188069  
0.00282533  3.29525e-05  0.000617793  0.00462038  -0.173725  0.184033  
0.00327805  -4.29662e-05  0.000469598  0.00588409  -0.198841  0.208016  
0.00287214  0.000612573  0.000469598  0.00622807  -0.192593  0.270994  
0.00319055  0.000232584  0.00081994  0.00587941  -0.238698  0.227874  
0.00337224  0.000332908  0.000469598  0.00928034  -0.207159  0.317741  
0.00337224  0.000369  0.000469598  0.00947463  -0.228704  0.241498  
0.0037627  0.000183786  0.000469598  0.0142915  -0.22218  0.275194  
0.00337224  0.000190012  0.000469598  0.00428709  -0.211946  0.245465  
0.00360979  0.000252998  0.000469598  0.0135535  -0.233456  0.339067  
0.00406703  0.000236866  0.000469598  0.014359  -0.223413  0.268682  
0.00369064  0.000350663  0.000469598  0.0079895  -0.204517  0.303501  
0.00452608  0.000261369  0.000360748  -0.00104181  -0.219822  0.303913  
0.00431918  0.000411987  0.000232733  0.00137512  -0.228657  0.269711  
0.00429581  0.000699484  0.000162912  0.00593684  -0.223033  0.312132  
0.00508462  0.000699484  5.50081e-05  -0.0263483  -0.240463  0.297154  
0.00462282  0.000779453  5.50081e-05  -0.0185469  -0.23011  0.316153  
0.00438247  0.000949484  0.000229885  -0.00295072  -0.237478  0.364596  
0.00454885  0.000699484  0.000277218  -0.00902174  -0.237365  0.313942  
0.00460003  0.000699484  0.000214062  -0.0100849  -0.237363  0.33468  
0.00411194  0.000699484  0.000308313  -0.00190797  -0.218612  0.400106  
0.00485893  0.000857864  5.50081e-05  -0.0179352  -0.257514  0.291095  
0.00478414  0.0011017  0.000118405  -0.0180639  -0.231185  0.329455  
0.00387936  0.000699484  -0.000328038  -0.036699  -0.235427  0.423119  
0.0038852  0.000992876  -0.000294072  -0.0231503  -0.264815  0.397846  
0.00380618  0.00100062  -6.72473e-05  -0.0191006  -0.286601  0.429967  
0.00421266  0.00093122  5.50081e-05  -0.0141546  -0.282999  0.380093  
0.00359944  0.000699484  -0.000371112  -0.0218083  -0.248846  0.429501  
0.00408896  0.000699484  5.50081e-05  -0.0349325  -0.257889  0.389067  
0.0035521  0.00105148  -0.000364853  -0.0318482  -0.249509  0.438921  
0.00469392  0.00113255  -0.000429615  -0.020904  -0.27596  0.412944  
0.004928  0.00130341  -0.000506273  -0.0177624  -0.251291  0.467504  
0.00594645  0.00109594  -0.000601324  -0.0256244  -0.306096  0.47431  
0.00536868  0.0013257  -0.000529159  -0.0177793  -0.281702  0.490238  
0.00551599  0.0013087  -0.000668555  -0.0242929  -0.299111  0.504588  
0.0056512  0.00143968  -0.000809064  -0.0122944  -0.291261  0.519501  
0.00581806  0.00143968  -0.000809064  -0.0122177  -0.317387  0.548049  
0.00614097  0.00143968  -0.000734089  -0.00331254  -0.317167  0.533638  
0.00581445  0.00125742  -0.000809064  -0.00581053  -0.271665  0.494897  
0.00625798  0.00143968  -0.000809064  -0.0122183  -0.29158  0.529477  
0.00584614  0.00143968  -0.000809063  -0.00304524  -0.264512  0.489457  
0.00584886  0.00143968  -0.000809063  -0.0138196  -0.275901  0.551381  
0.00655461  0.00150302  -0.000809063  -0.017629  -0.282433  0.518609  
0.00618778  0.00143968  -0.000809063  -0.0125219  -0.269358  0.526538  
0.00668261  0.00143968  -0.000809063  -0.0145623  -0.285955  0.509897  
0.00668261  0.00137222  -0.000809063  -0.0225756  -0.267568  0.440852  
0.00680154  0.00143968  -0.000872448  -0.0143753  -0.259468  0.474942  
0.00701055  0.00143968  -0.000712465  -0.0292415  -0.263464  0.451459  
0.00609647  0.00150365  -0.000899819  -0.0258798  -0.262933  0.533689  
