0.5 8.539918e+03 8.626358e+03 8.651945e+03 8.565505e+03
1.5 8.649767e+03 8.691361e+03 8.763504e+03 8.721910e+03
2.5 8.831688e+03 8.788525e+03 8.882535e+03 8.925698e+03
3.5 8.767844e+03 8.755676e+03 8.858239e+03 8.870406e+03
4.5 8.531412e+03 8.673535e+03 8.778485e+03 8.636362e+03
5.5 8.596084e+03 8.613223e+03 8.712363e+03 8.695224e+03
6.5 8.719562e+03 8.719031e+03 8.673268e+03 8.673798e+03
7.5 8.919415e+03 8.854623e+03 8.653632e+03 8.718423e+03
8.5 8.952743e+03 8.817712e+03 8.644531e+03 8.779562e+03
9.5 8.668998e+03 8.714803e+03 8.640355e+03 8.594550e+03
10.5 8.653761e+03 8.635687e+03 8.642695e+03 8.660769e+03
0.5 8.653761e+03 8.635687e+03 8.642695e+03 8.660769e+03
1.5 8.637256e+03 8.700055e+03 8.754139e+03 8.691339e+03
2.5 8.812241e+03 8.797324e+03 8.873762e+03 8.888679e+03
3.5 8.708930e+03 8.764529e+03 8.849996e+03 8.794397e+03
4.5 8.588344e+03 8.682381e+03 8.770713e+03 8.676676e+03
5.5 8.702279e+03 8.622056e+03 8.705064e+03 8.785287e+03
6.5 8.728050e+03 8.727862e+03 8.666462e+03 8.666649e+03
7.5 8.964618e+03 8.863451e+03 8.647331e+03 8.748498e+03
8.5 8.837146e+03 8.826473e+03 8.638737e+03 8.649410e+03
9.5 8.665267e+03 8.723444e+03 8.635070e+03 8.576893e+03
10.5 8.523158e+03 8.639801e+03 8.633497e+03 8.516854e+03
0.5 8.558123e+03 8.595594e+03 8.636949e+03 8.599478e+03
1.5 8.720977e+03 8.685358e+03 8.749630e+03 8.785248e+03
2.5 8.862458e+03 8.795895e+03 8.869748e+03 8.936311e+03
3.5 8.918007e+03 8.769170e+03 8.846438e+03 8.995275e+03
4.5 8.658709e+03 8.689451e+03 8.767576e+03 8.736834e+03
5.5 8.548901e+03 8.624038e+03 8.702337e+03 8.627200e+03
6.5 8.677568e+03 8.590947e+03 8.668552e+03 8.755173e+03
7.5 8.674220e+03 8.685742e+03 8.762706e+03 8.751184e+03
8.5 8.723660e+03 8.798410e+03 8.874787e+03 8.800036e+03
9.5 8.745459e+03 8.772469e+03 8.848308e+03 8.821299e+03
10.5 8.574476e+03 8.692966e+03 8.768320e+03 8.649829e+03
0.5 8.677568e+03 8.590947e+03 8.668552e+03 8.755173e+03
1.5 8.674220e+03 8.685742e+03 8.762706e+03 8.751184e+03
2.5 8.723660e+03 8.798410e+03 8.874787e+03 8.800036e+03
3.5 8.745459e+03 8.772469e+03 8.848308e+03 8.821299e+03
4.5 8.574476e+03 8.692966e+03 8.768320e+03 8.649829e+03
5.5 8.582401e+03 8.627600e+03 8.702530e+03 8.657332e+03
6.5 8.611315e+03 8.595557e+03 8.664501e+03 8.680260e+03
7.5 8.750862e+03 8.721321e+03 8.645929e+03 8.675470e+03
8.5 8.772098e+03 8.867002e+03 8.637871e+03 8.542967e+03
9.5 8.855529e+03 8.834489e+03 8.634708e+03 8.655748e+03
10.5 8.707556e+03 8.733080e+03 8.633611e+03 8.608087e+03
0.5 8.511237e+03 8.605578e+03 8.637751e+03 8.543409e+03
1.5 8.758018e+03 8.694846e+03 8.750879e+03 8.814051e+03
2.5 8.960148e+03 8.804887e+03 8.871420e+03 9.026682e+03
3.5 8.759502e+03 8.777666e+03 8.848505e+03 8.830341e+03
4.5 8.488968e+03 8.697452e+03 8.770010e+03 8.561526e+03
5.5 8.578786e+03 8.631528e+03 8.705117e+03 8.652376e+03
6.5 8.586892e+03 8.593489e+03 8.667243e+03 8.660646e+03
7.5 8.566915e+03 8.579273e+03 8.653219e+03 8.640861e+03
8.5 8.837545e+03 8.684010e+03 8.758164e+03 8.911699e+03
9.5 8.852831e+03 8.801012e+03 8.875387e+03 8.927206e+03
10.5 8.780405e+03 8.776582e+03 8.851194e+03 8.855017e+03
0.5 8.566915e+03 8.579273e+03 8.653219e+03 8.640861e+03
1.5 8.837545e+03 8.684010e+03 8.758164e+03 8.911699e+03
2.5 8.852831e+03 8.801012e+03 8.875387e+03 8.927206e+03
3.5 8.780405e+03 8.776582e+03 8.851194e+03 8.855017e+03
4.5 8.736113e+03 8.697125e+03 8.771989e+03 8.810977e+03
5.5 8.639306e+03 8.631946e+03 8.707101e+03 8.714461e+03
6.5 8.536994e+03 8.593734e+03 8.669222e+03 8.612482e+03
7.5 8.669708e+03 8.580569e+03 8.650775e+03 8.739914e+03
8.5 8.740993e+03 8.716295e+03 8.642816e+03 8.667514e+03
9.5 8.864149e+03 8.866337e+03 8.639729e+03 8.637541e+03
10.5 8.918465e+03 8.835372e+03 8.638684e+03 8.721777e+03
0.5 8.643406e+03 8.582290e+03 8.643221e+03 8.704337e+03
1.5 8.744790e+03 8.684515e+03 8.756292e+03 8.816566e+03
2.5 8.946542e+03 8.800368e+03 8.876765e+03 9.022939e+03
3.5 8.710740e+03 8.775372e+03 8.853772e+03 8.789140e+03
4.5 8.599176e+03 8.695528e+03 8.775188e+03 8.678836e+03
5.5 8.662703e+03 8.635834e+03 8.710196e+03 8.737065e+03
6.5 8.651143e+03 8.741528e+03 8.672202e+03 8.581817e+03
7.5 8.923891e+03 8.876102e+03 8.653638e+03 8.701427e+03
8.5 8.917677e+03 8.838122e+03 8.645564e+03 8.725118e+03
9.5 8.697430e+03 8.734099e+03 8.642362e+03 8.605693e+03
10.5 8.692709e+03 8.649477e+03 8.641207e+03 8.684439e+03
0.5 8.532885e+03 8.652199e+03 8.645914e+03 8.526600e+03
1.5 8.772016e+03 8.716322e+03 8.759006e+03 8.814700e+03
2.5 8.759071e+03 8.812650e+03 8.879504e+03 8.825925e+03
3.5 8.773068e+03 8.778906e+03 8.856536e+03 8.850699e+03
4.5 8.702027e+03 8.695804e+03 8.777986e+03 8.784209e+03
5.5 8.522963e+03 8.634576e+03 8.713044e+03 8.601430e+03
6.5 8.702883e+03 8.739537e+03 8.675133e+03 8.638478e+03
7.5 8.868286e+03 8.874309e+03 8.656677e+03 8.650655e+03
8.5 8.836244e+03 8.836527e+03 8.648740e+03 8.648456e+03
9.5 8.768492e+03 8.732707e+03 8.645704e+03 8.681489e+03
10.5 8.647730e+03 8.652725e+03 8.649172e+03 8.644177e+03
0.5 8.647730e+03 8.652725e+03 8.649172e+03 8.644177e+03
1.5 8.757724e+03 8.716294e+03 8.761732e+03 8.803161e+03
2.5 8.948534e+03 8.812799e+03 8.882438e+03 9.018173e+03
3.5 8.829278e+03 8.779238e+03 8.859694e+03 8.909735e+03
4.5 8.648255e+03 8.696325e+03 8.781385e+03 8.733315e+03
5.5 8.647521e+03 8.629660e+03 8.716699e+03 8.734561e+03
6.5 8.730521e+03 8.595195e+03 8.683471e+03 8.818797e+03
7.5 8.660236e+03 8.689575e+03 8.778183e+03 8.748844e+03
8.5 8.798283e+03 8.801858e+03 8.890825e+03 8.887251e+03
9.5 8.859464e+03 8.775564e+03 8.864913e+03 8.948813e+03
10.5 8.624323e+03 8.695753e+03 8.785499e+03 8.714069e+03
0.5 8.730521e+03 8.595195e+03 8.683471e+03 8.818797e+03
1.5 8.660236e+03 8.689575e+03 8.778183e+03 8.748844e+03
2.5 8.798283e+03 8.801858e+03 8.890825e+03 8.887251e+03
3.5 8.859464e+03 8.775564e+03 8.864913e+03 8.948813e+03
4.5 8.624323e+03 8.695753e+03 8.785499e+03 8.714069e+03
5.5 8.719852e+03 8.630150e+03 8.720305e+03 8.810006e+03
6.5 8.615845e+03 8.596731e+03 8.687303e+03 8.706417e+03
7.5 8.721253e+03 8.691239e+03 8.782235e+03 8.812249e+03
8.5 8.716438e+03 8.803657e+03 8.895084e+03 8.807864e+03
9.5 8.833425e+03 8.777506e+03 8.869367e+03 8.925286e+03
10.5 8.604705e+03 8.697841e+03 8.790140e+03 8.697003e+03
0.5 8.615845e+03 8.596731e+03 8.687303e+03 8.706417e+03
1.5 8.721253e+03 8.691239e+03 8.782235e+03 8.812249e+03
2.5 8.716438e+03 8.803657e+03 8.895084e+03 8.807864e+03
3.5 8.833425e+03 8.777506e+03 8.869367e+03 8.925286e+03
4.5 8.604705e+03 8.697841e+03 8.790140e+03 8.697003e+03
5.5 8.494889e+03 8.632385e+03 8.725121e+03 8.587625e+03
6.5 8.534987e+03 8.594698e+03 8.687871e+03 8.628161e+03
7.5 8.621555e+03 8.582098e+03 8.670075e+03 8.709532e+03
8.5 8.799489e+03 8.718416e+03 8.662788e+03 8.743861e+03
9.5 8.795968e+03 8.869078e+03 8.660392e+03 8.587282e+03
10.5 8.795120e+03 8.838770e+03 8.660062e+03 8.616412e+03
0.5 8.624298e+03 8.610310e+03 8.682341e+03 8.696329e+03
1.5 8.763182e+03 8.714406e+03 8.795490e+03 8.844266e+03
2.5 8.858931e+03 8.832261e+03 8.915960e+03 8.942630e+03
3.5 8.659854e+03 8.809388e+03 8.892881e+03 8.743346e+03
4.5 8.489627e+03 8.731773e+03 8.814123e+03 8.571977e+03
5.5 8.671302e+03 8.668676e+03 8.748763e+03 8.751389e+03
6.5 8.726888e+03 8.632564e+03 8.710189e+03 8.804513e+03
7.5 8.664470e+03 8.616000e+03 8.690958e+03 8.739428e+03
