0.5 2.789858e+03 2.935160e+03 2.937242e+03 2.791940e+03
1.5 3.013359e+03 2.910337e+03 2.916208e+03 3.019230e+03
2.5 2.939271e+03 2.886115e+03 2.893766e+03 2.946921e+03
3.5 2.847871e+03 2.890000e+03 2.898346e+03 2.856217e+03
4.5 2.857328e+03 2.904843e+03 2.913384e+03 2.865868e+03
5.5 2.898261e+03 2.917783e+03 2.925850e+03 2.906328e+03
6.5 2.947856e+03 2.936946e+03 2.933222e+03 2.944132e+03
7.5 3.044592e+03 2.953280e+03 2.936924e+03 3.028236e+03
8.5 2.969219e+03 2.952732e+03 2.938640e+03 2.955126e+03
9.5 2.926797e+03 2.945485e+03 2.939427e+03 2.920738e+03
10.5 2.939479e+03 2.938416e+03 2.938986e+03 2.940049e+03
0.5 2.939479e+03 2.938416e+03 2.938986e+03 2.940049e+03
1.5 2.941677e+03 2.913573e+03 2.917974e+03 2.946079e+03
2.5 2.852075e+03 2.889200e+03 2.895420e+03 2.858295e+03
3.5 2.874095e+03 2.892946e+03 2.899901e+03 2.881050e+03
4.5 2.861796e+03 2.907661e+03 2.914849e+03 2.868984e+03
5.5 2.965023e+03 2.920472e+03 2.927226e+03 2.971778e+03
6.5 2.988901e+03 2.939501e+03 2.934505e+03 2.983904e+03
7.5 2.885176e+03 2.955699e+03 2.938112e+03 2.867589e+03
8.5 3.033936e+03 2.955009e+03 2.939732e+03 3.018659e+03
9.5 2.915859e+03 2.947615e+03 2.940423e+03 2.908667e+03
10.5 2.852143e+03 2.941233e+03 2.940720e+03 2.851630e+03
0.5 2.924382e+03 2.936704e+03 2.940069e+03 2.927747e+03
1.5 2.861571e+03 2.913594e+03 2.918824e+03 2.866801e+03
2.5 2.949700e+03 2.890167e+03 2.896176e+03 2.955710e+03
3.5 2.974851e+03 2.894284e+03 2.900571e+03 2.981139e+03
4.5 2.931719e+03 2.909083e+03 2.915440e+03 2.938077e+03
5.5 2.924021e+03 2.921369e+03 2.927741e+03 2.930393e+03
6.5 2.968857e+03 2.927795e+03 2.934111e+03 2.975172e+03
7.5 2.988801e+03 2.910095e+03 2.916359e+03 2.995064e+03
8.5 2.935370e+03 2.889011e+03 2.895226e+03 2.941585e+03
9.5 2.766164e+03 2.894047e+03 2.900219e+03 2.772336e+03
10.5 2.836517e+03 2.909168e+03 2.915300e+03 2.842649e+03
0.5 2.968857e+03 2.927795e+03 2.934111e+03 2.975172e+03
1.5 2.988801e+03 2.910095e+03 2.916359e+03 2.995064e+03
2.5 2.935370e+03 2.889011e+03 2.895226e+03 2.941585e+03
3.5 2.766164e+03 2.894047e+03 2.900219e+03 2.772336e+03
4.5 2.836517e+03 2.909168e+03 2.915300e+03 2.842649e+03
5.5 3.032985e+03 2.921607e+03 2.927704e+03 3.039082e+03
6.5 2.929113e+03 2.929264e+03 2.934874e+03 2.934724e+03
7.5 3.010730e+03 2.944511e+03 2.938376e+03 3.004595e+03
8.5 2.873122e+03 2.958541e+03 2.939895e+03 2.854476e+03
9.5 2.901482e+03 2.956749e+03 2.940492e+03 2.885225e+03
10.5 3.004229e+03 2.948793e+03 2.940699e+03 2.996135e+03
0.5 2.901324e+03 2.937300e+03 2.939918e+03 2.903942e+03
1.5 2.938651e+03 2.914029e+03 2.918588e+03 2.943211e+03
2.5 2.905761e+03 2.890447e+03 2.895861e+03 2.911175e+03
3.5 2.911640e+03 2.894417e+03 2.900182e+03 2.917405e+03
4.5 2.963541e+03 2.909077e+03 2.914981e+03 2.969445e+03
5.5 2.949796e+03 2.921228e+03 2.927216e+03 2.955785e+03
6.5 2.890197e+03 2.928356e+03 2.934357e+03 2.896199e+03
7.5 2.968381e+03 2.930984e+03 2.937002e+03 2.974398e+03
8.5 2.852314e+03 2.911181e+03 2.917215e+03 2.858349e+03
9.5 2.961432e+03 2.889061e+03 2.895113e+03 2.967484e+03
10.5 2.870554e+03 2.893603e+03 2.899675e+03 2.876625e+03
0.5 2.968381e+03 2.930984e+03 2.937002e+03 2.974398e+03
1.5 2.852314e+03 2.911181e+03 2.917215e+03 2.858349e+03
2.5 2.961432e+03 2.889061e+03 2.895113e+03 2.967484e+03
3.5 2.870554e+03 2.893603e+03 2.899675e+03 2.876625e+03
4.5 2.953999e+03 2.908516e+03 2.914608e+03 2.960091e+03
5.5 2.936005e+03 2.920727e+03 2.926843e+03 2.942121e+03
6.5 2.957464e+03 2.927841e+03 2.933984e+03 2.963607e+03
7.5 2.891328e+03 2.931749e+03 2.937462e+03 2.897041e+03
8.5 2.836345e+03 2.944942e+03 2.938963e+03 2.830366e+03
9.5 3.029493e+03 2.957986e+03 2.939545e+03 3.011053e+03
10.5 2.982625e+03 2.955748e+03 2.939742e+03 2.966620e+03
0.5 2.831925e+03 2.933928e+03 2.938887e+03 2.836883e+03
1.5 2.870214e+03 2.911727e+03 2.917568e+03 2.876055e+03
2.5 2.903935e+03 2.888637e+03 2.894853e+03 2.910152e+03
3.5 2.799629e+03 2.892809e+03 2.899189e+03 2.806009e+03
4.5 2.901390e+03 2.907523e+03 2.914005e+03 2.907873e+03
5.5 2.884400e+03 2.920208e+03 2.926259e+03 2.890451e+03
6.5 2.915552e+03 2.939064e+03 2.933422e+03 2.909911e+03
7.5 2.868600e+03 2.955026e+03 2.936923e+03 2.850496e+03
8.5 2.930134e+03 2.954114e+03 2.938445e+03 2.914464e+03
9.5 2.950322e+03 2.946514e+03 2.939049e+03 2.942857e+03
10.5 2.874383e+03 2.939939e+03 2.939266e+03 2.873710e+03
0.5 2.923125e+03 2.938890e+03 2.938379e+03 2.922614e+03
1.5 2.953902e+03 2.913583e+03 2.917056e+03 2.957376e+03
2.5 2.888313e+03 2.888897e+03 2.894337e+03 2.893754e+03
3.5 2.883856e+03 2.892350e+03 2.898668e+03 2.890174e+03
4.5 2.869284e+03 2.906790e+03 2.913478e+03 2.875972e+03
5.5 2.993206e+03 2.919337e+03 2.925722e+03 2.999591e+03
6.5 2.942451e+03 2.938111e+03 2.932870e+03 2.937210e+03
7.5 2.919953e+03 2.954059e+03 2.936350e+03 2.902243e+03
8.5 2.920298e+03 2.953127e+03 2.937846e+03 2.905016e+03
9.5 2.958651e+03 2.945498e+03 2.938418e+03 2.951571e+03
10.5 2.998260e+03 2.938054e+03 2.937765e+03 2.997971e+03
0.5 2.998260e+03 2.938054e+03 2.937765e+03 2.997971e+03
1.5 2.801402e+03 2.912845e+03 2.916542e+03 2.805099e+03
2.5 2.864682e+03 2.888117e+03 2.893784e+03 2.870349e+03
3.5 2.877579e+03 2.891525e+03 2.898072e+03 2.884126e+03
4.5 2.854747e+03 2.905915e+03 2.912837e+03 2.861668e+03
5.5 2.941879e+03 2.917950e+03 2.925033e+03 2.948962e+03
6.5 2.899103e+03 2.924114e+03 2.931298e+03 2.906286e+03
7.5 2.858125e+03 2.906230e+03 2.913440e+03 2.865336e+03
8.5 2.985819e+03 2.884963e+03 2.892202e+03 2.993059e+03
9.5 2.943527e+03 2.889817e+03 2.897088e+03 2.950798e+03
10.5 2.891786e+03 2.904758e+03 2.912061e+03 2.899089e+03
0.5 2.899103e+03 2.924114e+03 2.931298e+03 2.906286e+03
1.5 2.858125e+03 2.906230e+03 2.913440e+03 2.865336e+03
2.5 2.985819e+03 2.884963e+03 2.892202e+03 2.993059e+03
3.5 2.943527e+03 2.889817e+03 2.897088e+03 2.950798e+03
4.5 2.891786e+03 2.904758e+03 2.912061e+03 2.899089e+03
5.5 2.904902e+03 2.917017e+03 2.924353e+03 2.912238e+03
6.5 2.881852e+03 2.923205e+03 2.930575e+03 2.889222e+03
7.5 2.891615e+03 2.905272e+03 2.912676e+03 2.899020e+03
8.5 2.811638e+03 2.883960e+03 2.891400e+03 2.819078e+03
9.5 2.857824e+03 2.888773e+03 2.896248e+03 2.865300e+03
10.5 2.926290e+03 2.903675e+03 2.911186e+03 2.933801e+03
0.5 2.881852e+03 2.923205e+03 2.930575e+03 2.889222e+03
1.5 2.891615e+03 2.905272e+03 2.912676e+03 2.899020e+03
2.5 2.811638e+03 2.883960e+03 2.891400e+03 2.819078e+03
3.5 2.857824e+03 2.888773e+03 2.896248e+03 2.865300e+03
4.5 2.926290e+03 2.903675e+03 2.911186e+03 2.933801e+03
5.5 2.698389e+03 2.915898e+03 2.923445e+03 2.705935e+03
6.5 3.003593e+03 2.922886e+03 2.930468e+03 3.011175e+03
7.5 3.004320e+03 2.926664e+03 2.933823e+03 3.011480e+03
8.5 3.058646e+03 2.939724e+03 2.935197e+03 3.054119e+03
9.5 3.014724e+03 2.952631e+03 2.935649e+03 2.997742e+03
10.5 2.974435e+03 2.950254e+03 2.935711e+03 2.959892e+03
0.5 2.922851e+03 2.925649e+03 2.931511e+03 2.928713e+03
1.5 3.021795e+03 2.903579e+03 2.910177e+03 3.028394e+03
2.5 2.808501e+03 2.880652e+03 2.887463e+03 2.815312e+03
3.5 2.928015e+03 2.885021e+03 2.891815e+03 2.934809e+03
4.5 2.918502e+03 2.899963e+03 2.906664e+03 2.925203e+03
5.5 2.963103e+03 2.912470e+03 2.918987e+03 2.969620e+03
6.5 2.863300e+03 2.919943e+03 2.926260e+03 2.869617e+03
7.5 2.937914e+03 2.923786e+03 2.929886e+03 2.944014e+03
