0.5 1.038620e+04 1.022017e+04 1.024811e+04 1.041414e+04
1.5 1.030785e+04 1.027090e+04 1.029961e+04 1.033656e+04
2.5 1.030617e+04 1.032496e+04 1.035442e+04 1.033562e+04
3.5 1.029142e+04 1.031463e+04 1.034479e+04 1.032158e+04
4.5 1.024025e+04 1.027939e+04 1.031022e+04 1.027108e+04
5.5 1.019620e+04 1.025229e+04 1.028174e+04 1.022565e+04
6.5 1.021135e+04 1.028726e+04 1.026534e+04 1.018943e+04
7.5 1.029028e+04 1.033437e+04 1.025764e+04 1.021355e+04
8.5 1.030559e+04 1.032017e+04 1.025463e+04 1.024005e+04
9.5 1.025368e+04 1.028261e+04 1.025379e+04 1.022486e+04
10.5 1.023561e+04 1.025421e+04 1.025583e+04 1.023724e+04
0.5 1.023561e+04 1.025421e+04 1.025583e+04 1.023724e+04
1.5 1.026928e+04 1.028724e+04 1.030687e+04 1.028891e+04
2.5 1.031826e+04 1.033287e+04 1.036154e+04 1.034693e+04
3.5 1.036967e+04 1.031888e+04 1.035174e+04 1.040254e+04
4.5 1.033727e+04 1.028219e+04 1.031697e+04 1.037206e+04
5.5 1.033635e+04 1.025457e+04 1.028828e+04 1.037006e+04
6.5 1.036232e+04 1.028931e+04 1.027170e+04 1.034471e+04
7.5 1.041435e+04 1.033652e+04 1.026383e+04 1.034166e+04
8.5 1.039931e+04 1.032240e+04 1.026065e+04 1.033756e+04
9.5 1.031063e+04 1.028488e+04 1.025964e+04 1.028539e+04
10.5 1.026883e+04 1.025653e+04 1.026151e+04 1.027381e+04
0.5 1.026883e+04 1.025653e+04 1.026151e+04 1.027381e+04
1.5 1.027759e+04 1.028961e+04 1.031237e+04 1.030035e+04
2.5 1.035785e+04 1.033529e+04 1.036686e+04 1.038942e+04
3.5 1.031143e+04 1.032134e+04 1.035687e+04 1.034696e+04
4.5 1.025478e+04 1.028466e+04 1.032187e+04 1.029200e+04
5.5 1.022476e+04 1.025503e+04 1.029297e+04 1.026270e+04
6.5 1.022029e+04 1.023983e+04 1.027618e+04 1.025665e+04
7.5 1.026391e+04 1.028365e+04 1.026811e+04 1.024838e+04
8.5 1.032716e+04 1.033558e+04 1.026474e+04 1.025632e+04
9.5 1.030115e+04 1.032364e+04 1.026354e+04 1.024104e+04
10.5 1.021194e+04 1.028703e+04 1.026323e+04 1.018815e+04
0.5 1.021920e+04 1.024280e+04 1.026647e+04 1.024287e+04
1.5 1.026235e+04 1.028508e+04 1.031730e+04 1.029456e+04
2.5 1.033663e+04 1.033552e+04 1.037145e+04 1.037255e+04
3.5 1.034960e+04 1.032373e+04 1.036111e+04 1.038698e+04
4.5 1.032405e+04 1.028789e+04 1.032578e+04 1.036194e+04
5.5 1.028764e+04 1.025842e+04 1.029654e+04 1.032576e+04
6.5 1.026136e+04 1.024344e+04 1.027942e+04 1.029734e+04
7.5 1.030587e+04 1.028712e+04 1.027101e+04 1.028976e+04
8.5 1.033761e+04 1.033893e+04 1.026732e+04 1.026600e+04
9.5 1.030960e+04 1.032686e+04 1.026580e+04 1.024854e+04
10.5 1.026569e+04 1.029011e+04 1.026519e+04 1.024077e+04
0.5 1.021265e+04 1.023604e+04 1.026602e+04 1.024264e+04
1.5 1.026689e+04 1.028298e+04 1.031663e+04 1.030054e+04
2.5 1.033474e+04 1.033549e+04 1.037056e+04 1.036981e+04
3.5 1.032338e+04 1.032447e+04 1.036002e+04 1.035894e+04
4.5 1.027898e+04 1.028873e+04 1.032450e+04 1.031475e+04
5.5 1.023569e+04 1.025943e+04 1.029509e+04 1.027136e+04
6.5 1.028681e+04 1.024225e+04 1.027783e+04 1.032239e+04
7.5 1.026777e+04 1.023583e+04 1.026929e+04 1.030123e+04
8.5 1.028490e+04 1.028407e+04 1.026547e+04 1.026630e+04
9.5 1.038734e+04 1.033792e+04 1.026384e+04 1.031327e+04
10.5 1.033402e+04 1.032662e+04 1.026314e+04 1.027054e+04
0.5 1.019783e+04 1.026193e+04 1.026456e+04 1.020045e+04
1.5 1.023749e+04 1.029505e+04 1.031516e+04 1.025761e+04
2.5 1.030385e+04 1.034043e+04 1.036910e+04 1.033252e+04
3.5 1.031393e+04 1.032618e+04 1.035857e+04 1.034631e+04
4.5 1.027416e+04 1.028920e+04 1.032306e+04 1.030802e+04
5.5 1.030741e+04 1.025927e+04 1.029366e+04 1.034180e+04
6.5 1.028460e+04 1.024174e+04 1.027640e+04 1.031926e+04
7.5 1.026435e+04 1.023527e+04 1.026987e+04 1.029895e+04
8.5 1.032240e+04 1.028227e+04 1.031681e+04 1.035694e+04
9.5 1.038802e+04 1.033479e+04 1.036926e+04 1.042250e+04
10.5 1.035972e+04 1.032376e+04 1.035817e+04 1.039413e+04
0.5 1.026435e+04 1.023527e+04 1.026987e+04 1.029895e+04
1.5 1.032240e+04 1.028227e+04 1.031681e+04 1.035694e+04
2.5 1.038802e+04 1.033479e+04 1.036926e+04 1.042250e+04
3.5 1.035972e+04 1.032376e+04 1.035817e+04 1.039413e+04
4.5 1.026223e+04 1.028801e+04 1.032235e+04 1.029657e+04
5.5 1.020838e+04 1.026074e+04 1.029296e+04 1.024061e+04
6.5 1.024510e+04 1.029557e+04 1.027572e+04 1.022524e+04
7.5 1.033911e+04 1.034254e+04 1.026720e+04 1.026378e+04
8.5 1.033963e+04 1.032817e+04 1.026341e+04 1.027487e+04
9.5 1.027388e+04 1.029039e+04 1.026180e+04 1.024529e+04
10.5 1.023701e+04 1.026180e+04 1.026311e+04 1.023832e+04
0.5 1.023701e+04 1.026180e+04 1.026311e+04 1.023832e+04
1.5 1.025617e+04 1.029466e+04 1.031343e+04 1.027494e+04
2.5 1.032554e+04 1.034013e+04 1.036740e+04 1.035281e+04
3.5 1.033694e+04 1.032596e+04 1.035688e+04 1.036786e+04
4.5 1.027554e+04 1.028907e+04 1.032139e+04 1.030786e+04
5.5 1.026254e+04 1.026128e+04 1.029200e+04 1.029326e+04
6.5 1.028286e+04 1.029585e+04 1.027475e+04 1.026176e+04
7.5 1.037322e+04 1.034291e+04 1.026622e+04 1.029654e+04
8.5 1.039038e+04 1.032863e+04 1.026241e+04 1.032417e+04
9.5 1.034714e+04 1.029095e+04 1.026079e+04 1.031698e+04
10.5 1.030749e+04 1.026046e+04 1.026009e+04 1.030712e+04
0.5 1.023383e+04 1.023867e+04 1.025976e+04 1.025493e+04
1.5 1.026316e+04 1.028589e+04 1.031034e+04 1.028761e+04
2.5 1.031592e+04 1.033869e+04 1.036424e+04 1.034148e+04
3.5 1.029309e+04 1.032798e+04 1.035369e+04 1.031880e+04
4.5 1.025634e+04 1.029257e+04 1.031816e+04 1.028193e+04
5.5 1.025348e+04 1.026362e+04 1.028875e+04 1.027861e+04
6.5 1.025671e+04 1.024879e+04 1.027346e+04 1.028137e+04
7.5 1.031293e+04 1.029146e+04 1.031566e+04 1.033713e+04
8.5 1.036741e+04 1.034218e+04 1.036591e+04 1.039115e+04
9.5 1.033938e+04 1.033064e+04 1.035390e+04 1.036265e+04
10.5 1.029319e+04 1.029505e+04 1.031785e+04 1.031599e+04
0.5 1.025671e+04 1.024879e+04 1.027346e+04 1.028137e+04
1.5 1.031293e+04 1.029146e+04 1.031566e+04 1.033713e+04
2.5 1.036741e+04 1.034218e+04 1.036591e+04 1.039115e+04
3.5 1.033938e+04 1.033064e+04 1.035390e+04 1.036265e+04
4.5 1.029319e+04 1.029505e+04 1.031785e+04 1.031599e+04
5.5 1.027050e+04 1.026584e+04 1.028819e+04 1.029286e+04
6.5 1.026204e+04 1.025109e+04 1.027300e+04 1.028395e+04
7.5 1.031745e+04 1.029382e+04 1.031530e+04 1.033892e+04
8.5 1.036105e+04 1.034462e+04 1.036567e+04 1.038210e+04
9.5 1.041347e+04 1.033316e+04 1.035379e+04 1.043410e+04
10.5 1.040400e+04 1.029766e+04 1.031788e+04 1.042423e+04
0.5 1.026204e+04 1.025109e+04 1.027300e+04 1.028395e+04
1.5 1.031745e+04 1.029382e+04 1.031530e+04 1.033892e+04
2.5 1.036105e+04 1.034462e+04 1.036567e+04 1.038210e+04
3.5 1.041347e+04 1.033316e+04 1.035379e+04 1.043410e+04
4.5 1.040400e+04 1.029766e+04 1.031788e+04 1.042423e+04
5.5 1.034301e+04 1.026853e+04 1.028837e+04 1.036286e+04
6.5 1.030374e+04 1.025186e+04 1.027136e+04 1.032324e+04
7.5 1.026680e+04 1.024592e+04 1.026510e+04 1.028597e+04
8.5 1.030735e+04 1.029347e+04 1.031234e+04 1.032621e+04
9.5 1.034746e+04 1.034656e+04 1.036513e+04 1.036603e+04
10.5 1.032306e+04 1.033613e+04 1.035443e+04 1.034136e+04
0.5 1.026680e+04 1.024592e+04 1.026510e+04 1.028597e+04
1.5 1.030735e+04 1.029347e+04 1.031234e+04 1.032621e+04
2.5 1.034746e+04 1.034656e+04 1.036513e+04 1.036603e+04
3.5 1.032306e+04 1.033613e+04 1.035443e+04 1.034136e+04
4.5 1.026216e+04 1.030100e+04 1.031905e+04 1.028021e+04
5.5 1.022423e+04 1.027229e+04 1.029012e+04 1.024206e+04
6.5 1.025083e+04 1.025572e+04 1.027336e+04 1.026847e+04
7.5 1.025118e+04 1.024993e+04 1.026538e+04 1.026664e+04
8.5 1.028878e+04 1.029884e+04 1.026219e+04 1.025213e+04
9.5 1.033567e+04 1.035339e+04 1.026127e+04 1.024355e+04
10.5 1.030298e+04 1.034284e+04 1.026134e+04 1.022149e+04
