0.5 8.750234e+03 8.534152e+03 8.594824e+03 8.810907e+03
1.5 8.849480e+03 8.678696e+03 8.741053e+03 8.911837e+03
2.5 8.882673e+03 8.832705e+03 8.896671e+03 8.946639e+03
3.5 8.675642e+03 8.803844e+03 8.869347e+03 8.741144e+03
4.5 8.481064e+03 8.704229e+03 8.771197e+03 8.548032e+03
5.5 8.539918e+03 8.626358e+03 8.690309e+03 8.603868e+03
6.5 8.649767e+03 8.691361e+03 8.643753e+03 8.602158e+03
7.5 8.831688e+03 8.788525e+03 8.621886e+03 8.665049e+03
8.5 8.767844e+03 8.755676e+03 8.613333e+03 8.625500e+03
9.5 8.531412e+03 8.673535e+03 8.610946e+03 8.468823e+03
10.5 8.596084e+03 8.613223e+03 8.616755e+03 8.599616e+03
0.5 8.596084e+03 8.613223e+03 8.616755e+03 8.599616e+03
1.5 8.719562e+03 8.719031e+03 8.761659e+03 8.762189e+03
2.5 8.919415e+03 8.854623e+03 8.916887e+03 8.981679e+03
3.5 8.952743e+03 8.817712e+03 8.889077e+03 9.024108e+03
4.5 8.668998e+03 8.714803e+03 8.790343e+03 8.744538e+03
5.5 8.653761e+03 8.635687e+03 8.708888e+03 8.726961e+03
6.5 8.637256e+03 8.700055e+03 8.661812e+03 8.599013e+03
7.5 8.812241e+03 8.797324e+03 8.639457e+03 8.654375e+03
8.5 8.708930e+03 8.764529e+03 8.630429e+03 8.574829e+03
9.5 8.588344e+03 8.682381e+03 8.627564e+03 8.533527e+03
10.5 8.702279e+03 8.622056e+03 8.632888e+03 8.713111e+03
0.5 8.702279e+03 8.622056e+03 8.632888e+03 8.713111e+03
1.5 8.728050e+03 8.727862e+03 8.777296e+03 8.777484e+03
2.5 8.964618e+03 8.863451e+03 8.932016e+03 9.033183e+03
3.5 8.837146e+03 8.826473e+03 8.903632e+03 8.914305e+03
4.5 8.665267e+03 8.723444e+03 8.804269e+03 8.746092e+03
5.5 8.523158e+03 8.639801e+03 8.722199e+03 8.605557e+03
6.5 8.558123e+03 8.595594e+03 8.674541e+03 8.637070e+03
7.5 8.720977e+03 8.685358e+03 8.651624e+03 8.687243e+03
8.5 8.862458e+03 8.795895e+03 8.642043e+03 8.708606e+03
9.5 8.918007e+03 8.769170e+03 8.638627e+03 8.787464e+03
10.5 8.658709e+03 8.689451e+03 8.637771e+03 8.607029e+03
0.5 8.611315e+03 8.595557e+03 8.646951e+03 8.662710e+03
1.5 8.750862e+03 8.721321e+03 8.791288e+03 8.820829e+03
2.5 8.772098e+03 8.867002e+03 8.945026e+03 8.850122e+03
3.5 8.855529e+03 8.834489e+03 8.915677e+03 8.936717e+03
4.5 8.707556e+03 8.733080e+03 8.815364e+03 8.789840e+03
5.5 8.564847e+03 8.649552e+03 8.732341e+03 8.647636e+03
6.5 8.511237e+03 8.605578e+03 8.683723e+03 8.589382e+03
7.5 8.758018e+03 8.694846e+03 8.659862e+03 8.723034e+03
8.5 8.960148e+03 8.804887e+03 8.649362e+03 8.804624e+03
9.5 8.759502e+03 8.777666e+03 8.645057e+03 8.626893e+03
10.5 8.488968e+03 8.697452e+03 8.643338e+03 8.434853e+03
0.5 8.669708e+03 8.580569e+03 8.645690e+03 8.734829e+03
1.5 8.740993e+03 8.716295e+03 8.789375e+03 8.814072e+03
2.5 8.864149e+03 8.866337e+03 8.942504e+03 8.940316e+03
3.5 8.918465e+03 8.835372e+03 8.912584e+03 8.995676e+03
4.5 8.752723e+03 8.734051e+03 8.811737e+03 8.830409e+03
5.5 8.651287e+03 8.650773e+03 8.728237e+03 8.728751e+03
6.5 8.665503e+03 8.601931e+03 8.679202e+03 8.742774e+03
7.5 8.643406e+03 8.582290e+03 8.654965e+03 8.716081e+03
8.5 8.744790e+03 8.684515e+03 8.644119e+03 8.704394e+03
9.5 8.946542e+03 8.800368e+03 8.639498e+03 8.785672e+03
10.5 8.710740e+03 8.775372e+03 8.637496e+03 8.572864e+03
0.5 8.662703e+03 8.635834e+03 8.641533e+03 8.668403e+03
1.5 8.651143e+03 8.741528e+03 8.785221e+03 8.694836e+03
2.5 8.923891e+03 8.876102e+03 8.938359e+03 8.986148e+03
3.5 8.917677e+03 8.838122e+03 8.908454e+03 8.988008e+03
4.5 8.697430e+03 8.734099e+03 8.807632e+03 8.770963e+03
5.5 8.692709e+03 8.649477e+03 8.724165e+03 8.767398e+03
6.5 8.697296e+03 8.599883e+03 8.675163e+03 8.772577e+03
7.5 8.676123e+03 8.581471e+03 8.656619e+03 8.751271e+03
8.5 8.752321e+03 8.714882e+03 8.789895e+03 8.827334e+03
9.5 8.852993e+03 8.863960e+03 8.938833e+03 8.927866e+03
10.5 8.862312e+03 8.832597e+03 8.907324e+03 8.937040e+03
0.5 8.676123e+03 8.581471e+03 8.656619e+03 8.751271e+03
1.5 8.752321e+03 8.714882e+03 8.789895e+03 8.827334e+03
2.5 8.852993e+03 8.863960e+03 8.938833e+03 8.927866e+03
3.5 8.862312e+03 8.832597e+03 8.907324e+03 8.937040e+03
4.5 8.610779e+03 8.731045e+03 8.805619e+03 8.685353e+03
5.5 8.532885e+03 8.652199e+03 8.722181e+03 8.602866e+03
6.5 8.772016e+03 8.716322e+03 8.673211e+03 8.728905e+03
7.5 8.759071e+03 8.812650e+03 8.649042e+03 8.595463e+03
8.5 8.773068e+03 8.778906e+03 8.638265e+03 8.632428e+03
9.5 8.702027e+03 8.695804e+03 8.633713e+03 8.639937e+03
10.5 8.522963e+03 8.634576e+03 8.637428e+03 8.525815e+03
0.5 8.522963e+03 8.634576e+03 8.637428e+03 8.525815e+03
1.5 8.702883e+03 8.739537e+03 8.780300e+03 8.743646e+03
2.5 8.868286e+03 8.874309e+03 8.933527e+03 8.927504e+03
3.5 8.836244e+03 8.836527e+03 8.903683e+03 8.903400e+03
4.5 8.768492e+03 8.732707e+03 8.802898e+03 8.838684e+03
5.5 8.647730e+03 8.652725e+03 8.719449e+03 8.714454e+03
6.5 8.757724e+03 8.716294e+03 8.670458e+03 8.711887e+03
7.5 8.948534e+03 8.812799e+03 8.646257e+03 8.781992e+03
8.5 8.829278e+03 8.779238e+03 8.635439e+03 8.685480e+03
9.5 8.648255e+03 8.696325e+03 8.630835e+03 8.582765e+03
10.5 8.647521e+03 8.629660e+03 8.628856e+03 8.646718e+03
0.5 8.621555e+03 8.582098e+03 8.627918e+03 8.667375e+03
1.5 8.799489e+03 8.718416e+03 8.771523e+03 8.852597e+03
2.5 8.795968e+03 8.869078e+03 8.924581e+03 8.851471e+03
3.5 8.795120e+03 8.838770e+03 8.894604e+03 8.850954e+03
4.5 8.679871e+03 8.738150e+03 8.793722e+03 8.735443e+03
5.5 8.595581e+03 8.655632e+03 8.710207e+03 8.650156e+03
6.5 8.555999e+03 8.613238e+03 8.666806e+03 8.609567e+03
7.5 8.793756e+03 8.734073e+03 8.786629e+03 8.846311e+03
8.5 8.883904e+03 8.877778e+03 8.929318e+03 8.935445e+03
9.5 8.814657e+03 8.844694e+03 8.895221e+03 8.865184e+03
10.5 8.555485e+03 8.743336e+03 8.792861e+03 8.605011e+03
0.5 8.555999e+03 8.613238e+03 8.666806e+03 8.609567e+03
1.5 8.793756e+03 8.734073e+03 8.786629e+03 8.846311e+03
2.5 8.883904e+03 8.877778e+03 8.929318e+03 8.935445e+03
3.5 8.814657e+03 8.844694e+03 8.895221e+03 8.865184e+03
4.5 8.555485e+03 8.743336e+03 8.792861e+03 8.605011e+03
5.5 8.586282e+03 8.660091e+03 8.708637e+03 8.634828e+03
6.5 8.613761e+03 8.617905e+03 8.665490e+03 8.661346e+03
7.5 8.688997e+03 8.738967e+03 8.785606e+03 8.735636e+03
8.5 8.915416e+03 8.882915e+03 8.928625e+03 8.961125e+03
9.5 9.016080e+03 8.850090e+03 8.894892e+03 9.060882e+03
10.5 8.908772e+03 8.749010e+03 8.792932e+03 8.952695e+03
0.5 8.613761e+03 8.617905e+03 8.665490e+03 8.661346e+03
1.5 8.688997e+03 8.738967e+03 8.785606e+03 8.735636e+03
2.5 8.915416e+03 8.882915e+03 8.928625e+03 8.961125e+03
3.5 9.016080e+03 8.850090e+03 8.894892e+03 9.060882e+03
4.5 8.908772e+03 8.749010e+03 8.792932e+03 8.952695e+03
5.5 8.800619e+03 8.666045e+03 8.709145e+03 8.843719e+03
6.5 8.653417e+03 8.618492e+03 8.660842e+03 8.695767e+03
7.5 8.777961e+03 8.601423e+03 8.643069e+03 8.819606e+03
8.5 8.698814e+03 8.736224e+03 8.777197e+03 8.739787e+03
9.5 9.002753e+03 8.886771e+03 8.927105e+03 9.043087e+03
10.5 8.806859e+03 8.856963e+03 8.896703e+03 8.846600e+03
0.5 8.777961e+03 8.601423e+03 8.643069e+03 8.819606e+03
1.5 8.698814e+03 8.736224e+03 8.777197e+03 8.739787e+03
2.5 9.002753e+03 8.886771e+03 8.927105e+03 9.043087e+03
3.5 8.806859e+03 8.856963e+03 8.896703e+03 8.846600e+03
4.5 8.555786e+03 8.757042e+03 8.796241e+03 8.594985e+03
5.5 8.541591e+03 8.675398e+03 8.714117e+03 8.580310e+03
6.5 8.565814e+03 8.628209e+03 8.666516e+03 8.604121e+03
7.5 8.624298e+03 8.610310e+03 8.643864e+03 8.657852e+03
8.5 8.763182e+03 8.714406e+03 8.634811e+03 8.683587e+03
9.5 8.858931e+03 8.832261e+03 8.632196e+03 8.658866e+03
10.5 8.659854e+03 8.809388e+03 8.632403e+03 8.482868e+03
