0.5 5.658665e+03 5.284669e+03 5.380340e+03 5.754336e+03
1.5 5.586520e+03 5.484616e+03 5.582944e+03 5.684848e+03
2.5 5.746886e+03 5.697691e+03 5.798557e+03 5.847752e+03
3.5 5.674849e+03 5.657410e+03 5.760699e+03 5.778138e+03
4.5 5.356188e+03 5.519110e+03 5.624709e+03 5.461787e+03
5.5 5.441453e+03 5.411796e+03 5.512637e+03 5.542293e+03
6.5 5.509861e+03 5.523204e+03 5.448132e+03 5.434789e+03
7.5 5.612466e+03 5.680601e+03 5.417835e+03 5.349699e+03
8.5 5.714918e+03 5.630441e+03 5.405985e+03 5.490462e+03
9.5 5.488272e+03 5.501372e+03 5.402677e+03 5.389578e+03
10.5 5.385531e+03 5.405157e+03 5.410727e+03 5.391101e+03
0.5 5.385531e+03 5.405157e+03 5.410727e+03 5.391101e+03
1.5 5.540632e+03 5.544276e+03 5.611494e+03 5.607850e+03
2.5 5.762820e+03 5.728385e+03 5.826567e+03 5.861001e+03
3.5 5.793495e+03 5.675503e+03 5.788035e+03 5.906027e+03
4.5 5.661848e+03 5.532121e+03 5.651237e+03 5.780964e+03
5.5 5.561132e+03 5.422951e+03 5.538378e+03 5.676559e+03
6.5 5.464861e+03 5.533458e+03 5.473154e+03 5.404557e+03
7.5 5.722897e+03 5.691114e+03 5.442181e+03 5.473965e+03
8.5 5.627301e+03 5.641129e+03 5.429671e+03 5.415844e+03
9.5 5.340948e+03 5.512141e+03 5.425702e+03 5.254509e+03
10.5 5.450302e+03 5.415999e+03 5.433079e+03 5.467382e+03
0.5 5.450302e+03 5.415999e+03 5.433079e+03 5.467382e+03
1.5 5.508546e+03 5.555210e+03 5.633160e+03 5.586497e+03
2.5 5.858366e+03 5.739411e+03 5.847528e+03 5.966483e+03
3.5 5.593558e+03 5.686533e+03 5.808201e+03 5.715226e+03
4.5 5.385138e+03 5.543081e+03 5.670532e+03 5.512589e+03
5.5 5.284225e+03 5.426891e+03 5.556822e+03 5.414155e+03
6.5 5.367296e+03 5.366302e+03 5.490790e+03 5.491784e+03
7.5 5.541335e+03 5.512233e+03 5.459039e+03 5.488141e+03
8.5 5.744188e+03 5.688367e+03 5.445763e+03 5.501585e+03
9.5 5.677722e+03 5.646878e+03 5.441030e+03 5.471874e+03
10.5 5.475086e+03 5.521337e+03 5.439844e+03 5.393594e+03
0.5 5.231137e+03 5.371522e+03 5.452564e+03 5.312179e+03
1.5 5.337487e+03 5.542218e+03 5.652546e+03 5.447815e+03
2.5 5.534569e+03 5.742520e+03 5.865554e+03 5.657603e+03
3.5 5.655594e+03 5.696869e+03 5.824890e+03 5.783615e+03
4.5 5.697175e+03 5.556153e+03 5.685904e+03 5.826927e+03
5.5 5.504316e+03 5.440327e+03 5.570874e+03 5.634863e+03
6.5 5.364806e+03 5.380289e+03 5.503513e+03 5.488029e+03
7.5 5.422422e+03 5.525617e+03 5.470452e+03 5.367257e+03
8.5 5.692425e+03 5.701145e+03 5.455904e+03 5.447185e+03
9.5 5.514467e+03 5.659045e+03 5.449939e+03 5.305361e+03
10.5 5.251642e+03 5.532889e+03 5.447557e+03 5.166311e+03
0.5 5.248818e+03 5.348130e+03 5.450816e+03 5.351505e+03
1.5 5.502347e+03 5.534659e+03 5.649895e+03 5.617582e+03
2.5 5.445992e+03 5.741955e+03 5.862059e+03 5.566096e+03
3.5 5.570854e+03 5.698852e+03 5.820604e+03 5.692606e+03
4.5 5.379017e+03 5.558379e+03 5.680879e+03 5.501517e+03
5.5 5.257908e+03 5.443037e+03 5.565187e+03 5.380057e+03
6.5 5.423083e+03 5.375402e+03 5.497248e+03 5.544930e+03
7.5 5.531938e+03 5.349069e+03 5.463667e+03 5.646536e+03
8.5 5.482432e+03 5.512339e+03 5.448640e+03 5.418733e+03
9.5 5.977410e+03 5.695907e+03 5.442238e+03 5.723741e+03
10.5 5.652136e+03 5.656875e+03 5.439463e+03 5.434724e+03
0.5 5.436987e+03 5.436070e+03 5.445057e+03 5.445974e+03
1.5 5.419238e+03 5.575243e+03 5.644141e+03 5.488136e+03
2.5 5.794521e+03 5.758145e+03 5.856317e+03 5.892692e+03
3.5 6.016786e+03 5.703979e+03 5.814883e+03 6.127689e+03
4.5 5.776084e+03 5.559240e+03 5.675192e+03 5.892036e+03
5.5 5.581140e+03 5.441772e+03 5.559546e+03 5.698914e+03
6.5 5.580213e+03 5.372946e+03 5.491653e+03 5.698920e+03
7.5 5.553198e+03 5.347461e+03 5.465959e+03 5.671696e+03
8.5 5.697508e+03 5.532331e+03 5.650616e+03 5.815793e+03
9.5 6.080859e+03 5.738909e+03 5.856974e+03 6.198924e+03
10.5 6.011860e+03 5.695482e+03 5.813317e+03 6.129694e+03
0.5 5.553198e+03 5.347461e+03 5.465959e+03 5.671696e+03
1.5 5.697508e+03 5.532331e+03 5.650616e+03 5.815793e+03
2.5 6.080859e+03 5.738909e+03 5.856974e+03 6.198924e+03
3.5 6.011860e+03 5.695482e+03 5.813317e+03 6.129694e+03
4.5 5.702892e+03 5.554810e+03 5.672402e+03 5.820483e+03
5.5 5.318325e+03 5.446446e+03 5.556796e+03 5.428675e+03
6.5 5.503833e+03 5.556927e+03 5.488947e+03 5.435854e+03
7.5 5.841046e+03 5.713448e+03 5.455460e+03 5.583058e+03
8.5 5.844028e+03 5.662300e+03 5.440529e+03 5.622258e+03
9.5 5.608263e+03 5.532130e+03 5.434223e+03 5.510355e+03
10.5 5.495344e+03 5.434872e+03 5.439369e+03 5.499841e+03
0.5 5.495344e+03 5.434872e+03 5.439369e+03 5.499841e+03
1.5 5.486935e+03 5.573045e+03 5.637322e+03 5.551213e+03
2.5 5.830218e+03 5.756243e+03 5.849622e+03 5.923597e+03
3.5 5.878394e+03 5.702377e+03 5.808272e+03 5.984289e+03
4.5 5.583618e+03 5.557950e+03 5.668632e+03 5.694300e+03
5.5 5.445304e+03 5.447797e+03 5.553011e+03 5.550518e+03
6.5 5.601225e+03 5.557410e+03 5.485133e+03 5.528947e+03
7.5 5.907163e+03 5.714216e+03 5.451602e+03 5.644550e+03
8.5 5.695015e+03 5.663364e+03 5.436613e+03 5.468264e+03
9.5 5.505208e+03 5.533503e+03 5.430235e+03 5.401939e+03
10.5 5.397225e+03 5.428760e+03 5.427492e+03 5.395957e+03
0.5 5.574902e+03 5.353941e+03 5.426194e+03 5.647155e+03
1.5 5.569403e+03 5.541418e+03 5.625162e+03 5.653147e+03
2.5 5.858157e+03 5.749706e+03 5.837227e+03 5.945678e+03
3.5 5.800642e+03 5.707650e+03 5.795692e+03 5.888684e+03
4.5 5.426152e+03 5.568289e+03 5.655919e+03 5.513782e+03
5.5 5.311079e+03 5.454149e+03 5.540207e+03 5.397136e+03
6.5 5.417765e+03 5.395604e+03 5.480073e+03 5.502235e+03
7.5 5.527583e+03 5.563218e+03 5.646091e+03 5.610456e+03
8.5 5.806286e+03 5.762518e+03 5.843791e+03 5.887558e+03
9.5 5.737032e+03 5.716874e+03 5.796548e+03 5.816706e+03
10.5 5.430849e+03 5.576631e+03 5.654726e+03 5.508943e+03
0.5 5.417765e+03 5.395604e+03 5.480073e+03 5.502235e+03
1.5 5.527583e+03 5.563218e+03 5.646091e+03 5.610456e+03
2.5 5.806286e+03 5.762518e+03 5.843791e+03 5.887558e+03
3.5 5.737032e+03 5.716874e+03 5.796548e+03 5.816706e+03
4.5 5.430849e+03 5.576631e+03 5.654726e+03 5.508943e+03
5.5 5.391784e+03 5.461481e+03 5.538031e+03 5.468334e+03
6.5 5.417603e+03 5.403215e+03 5.478250e+03 5.492637e+03
7.5 5.497011e+03 5.571131e+03 5.644673e+03 5.570554e+03
8.5 5.791655e+03 5.770752e+03 5.842829e+03 5.863733e+03
9.5 5.882569e+03 5.725446e+03 5.796092e+03 5.953215e+03
10.5 5.671721e+03 5.585565e+03 5.654824e+03 5.740980e+03
0.5 5.417603e+03 5.403215e+03 5.478250e+03 5.492637e+03
1.5 5.497011e+03 5.571131e+03 5.644673e+03 5.570554e+03
2.5 5.791655e+03 5.770752e+03 5.842829e+03 5.863733e+03
3.5 5.882569e+03 5.725446e+03 5.796092e+03 5.953215e+03
4.5 5.671721e+03 5.585565e+03 5.654824e+03 5.740980e+03
5.5 5.612118e+03 5.470772e+03 5.538735e+03 5.680081e+03
6.5 5.517608e+03 5.405030e+03 5.471810e+03 5.584388e+03
7.5 5.487975e+03 5.381516e+03 5.447185e+03 5.553644e+03
8.5 5.455305e+03 5.568414e+03 5.633022e+03 5.519913e+03
9.5 5.716652e+03 5.777123e+03 5.840724e+03 5.780254e+03
10.5 5.606203e+03 5.735936e+03 5.798601e+03 5.668868e+03
0.5 5.487975e+03 5.381516e+03 5.447185e+03 5.553644e+03
1.5 5.455305e+03 5.568414e+03 5.633022e+03 5.519913e+03
2.5 5.716652e+03 5.777123e+03 5.840724e+03 5.780254e+03
3.5 5.606203e+03 5.735936e+03 5.798601e+03 5.668868e+03
4.5 5.485126e+03 5.597597e+03 5.659409e+03 5.546938e+03
5.5 5.377600e+03 5.484569e+03 5.545624e+03 5.438656e+03
6.5 5.411531e+03 5.419266e+03 5.479671e+03 5.471936e+03
7.5 5.510627e+03 5.395376e+03 5.448287e+03 5.563538e+03
8.5 5.587454e+03 5.561254e+03 5.435744e+03 5.461944e+03
9.5 5.711774e+03 5.747595e+03 5.432121e+03 5.396300e+03
10.5 5.653265e+03 5.711488e+03 5.432407e+03 5.374184e+03
