0.5 1.010123e+04 1.015287e+04 1.016238e+04 1.011073e+04
1.5 1.011311e+04 1.018227e+04 1.020907e+04 1.013990e+04
2.5 1.018677e+04 1.022397e+04 1.025888e+04 1.022169e+04
3.5 1.020257e+04 1.021062e+04 1.024872e+04 1.024067e+04
4.5 1.014880e+04 1.017636e+04 1.021534e+04 1.018778e+04
5.5 1.013302e+04 1.015084e+04 1.018766e+04 1.016985e+04
6.5 1.017649e+04 1.018830e+04 1.017130e+04 1.015949e+04
7.5 1.022694e+04 1.023774e+04 1.016308e+04 1.015228e+04
8.5 1.026984e+04 1.022360e+04 1.015927e+04 1.020552e+04
9.5 1.023779e+04 1.018518e+04 1.015753e+04 1.021014e+04
10.5 1.023202e+04 1.015590e+04 1.015851e+04 1.023462e+04
0.5 1.023202e+04 1.015590e+04 1.015851e+04 1.023462e+04
1.5 1.025326e+04 1.018506e+04 1.020515e+04 1.027334e+04
2.5 1.029683e+04 1.022682e+04 1.025521e+04 1.032522e+04
3.5 1.027938e+04 1.021352e+04 1.024527e+04 1.031113e+04
4.5 1.019341e+04 1.017928e+04 1.021208e+04 1.022622e+04
5.5 1.016292e+04 1.015378e+04 1.018461e+04 1.019375e+04
6.5 1.018620e+04 1.019126e+04 1.016845e+04 1.016339e+04
7.5 1.026314e+04 1.024072e+04 1.016045e+04 1.018287e+04
8.5 1.021896e+04 1.022658e+04 1.015685e+04 1.014923e+04
9.5 1.015933e+04 1.018814e+04 1.015531e+04 1.012651e+04
10.5 1.013268e+04 1.015700e+04 1.015466e+04 1.013034e+04
0.5 1.012652e+04 1.014074e+04 1.015610e+04 1.014188e+04
1.5 1.016865e+04 1.017939e+04 1.020326e+04 1.019252e+04
2.5 1.022121e+04 1.022610e+04 1.025353e+04 1.024864e+04
3.5 1.019279e+04 1.021508e+04 1.024378e+04 1.022149e+04
4.5 1.010988e+04 1.018175e+04 1.021077e+04 1.013889e+04
5.5 1.010827e+04 1.015439e+04 1.018347e+04 1.013735e+04
6.5 1.009002e+04 1.014050e+04 1.016933e+04 1.011884e+04
7.5 1.012592e+04 1.018015e+04 1.020873e+04 1.015450e+04
8.5 1.018054e+04 1.022727e+04 1.025564e+04 1.020891e+04
9.5 1.013867e+04 1.021639e+04 1.024456e+04 1.016684e+04
10.5 1.009112e+04 1.018309e+04 1.021108e+04 1.011911e+04
0.5 1.009002e+04 1.014050e+04 1.016933e+04 1.011884e+04
1.5 1.012592e+04 1.018015e+04 1.020873e+04 1.015450e+04
2.5 1.018054e+04 1.022727e+04 1.025564e+04 1.020891e+04
3.5 1.013867e+04 1.021639e+04 1.024456e+04 1.016684e+04
4.5 1.009112e+04 1.018309e+04 1.021108e+04 1.011911e+04
5.5 1.009969e+04 1.015572e+04 1.018355e+04 1.012752e+04
6.5 1.012232e+04 1.014202e+04 1.016763e+04 1.014792e+04
7.5 1.016619e+04 1.018786e+04 1.015986e+04 1.013818e+04
8.5 1.024593e+04 1.024159e+04 1.015649e+04 1.016083e+04
9.5 1.025120e+04 1.022937e+04 1.015516e+04 1.017699e+04
10.5 1.022140e+04 1.019165e+04 1.015470e+04 1.018445e+04
0.5 1.015919e+04 1.014449e+04 1.015644e+04 1.017114e+04
1.5 1.020457e+04 1.018297e+04 1.020378e+04 1.022538e+04
2.5 1.023516e+04 1.022952e+04 1.025423e+04 1.025987e+04
3.5 1.020342e+04 1.021833e+04 1.024464e+04 1.022973e+04
4.5 1.015881e+04 1.018484e+04 1.021179e+04 1.018576e+04
5.5 1.013874e+04 1.015730e+04 1.018463e+04 1.016607e+04
6.5 1.013212e+04 1.014139e+04 1.016878e+04 1.015951e+04
7.5 1.011787e+04 1.013545e+04 1.016291e+04 1.014534e+04
8.5 1.016212e+04 1.017929e+04 1.020683e+04 1.018967e+04
9.5 1.025092e+04 1.022827e+04 1.025589e+04 1.027855e+04
10.5 1.022217e+04 1.021805e+04 1.024577e+04 1.024989e+04
0.5 1.011787e+04 1.013545e+04 1.016291e+04 1.014534e+04
1.5 1.016212e+04 1.017929e+04 1.020683e+04 1.018967e+04
2.5 1.025092e+04 1.022827e+04 1.025589e+04 1.027855e+04
3.5 1.022217e+04 1.021805e+04 1.024577e+04 1.024989e+04
4.5 1.018551e+04 1.018481e+04 1.021262e+04 1.021332e+04
5.5 1.015862e+04 1.015755e+04 1.018546e+04 1.018653e+04
6.5 1.013070e+04 1.014157e+04 1.016961e+04 1.015874e+04
7.5 1.011759e+04 1.013581e+04 1.016189e+04 1.014367e+04
8.5 1.017357e+04 1.018585e+04 1.015856e+04 1.014628e+04
9.5 1.024303e+04 1.024143e+04 1.015726e+04 1.015886e+04
10.5 1.023020e+04 1.022988e+04 1.015683e+04 1.015715e+04
0.5 1.016559e+04 1.013609e+04 1.015873e+04 1.018822e+04
1.5 1.018348e+04 1.017939e+04 1.020605e+04 1.021014e+04
2.5 1.027897e+04 1.022809e+04 1.025647e+04 1.030735e+04
3.5 1.022687e+04 1.021773e+04 1.024685e+04 1.025599e+04
4.5 1.015873e+04 1.018437e+04 1.021396e+04 1.018832e+04
5.5 1.009969e+04 1.015914e+04 1.018676e+04 1.012731e+04
6.5 1.014499e+04 1.019660e+04 1.017086e+04 1.011925e+04
7.5 1.021432e+04 1.024571e+04 1.016309e+04 1.013169e+04
8.5 1.021800e+04 1.023123e+04 1.015971e+04 1.014648e+04
9.5 1.017827e+04 1.019244e+04 1.015837e+04 1.014420e+04
10.5 1.020668e+04 1.016095e+04 1.015788e+04 1.020361e+04
0.5 1.011540e+04 1.016219e+04 1.015985e+04 1.011306e+04
1.5 1.015212e+04 1.019133e+04 1.020718e+04 1.016798e+04
2.5 1.023508e+04 1.023278e+04 1.025761e+04 1.025991e+04
3.5 1.023157e+04 1.021917e+04 1.024800e+04 1.026040e+04
4.5 1.017380e+04 1.018460e+04 1.021513e+04 1.020432e+04
5.5 1.013753e+04 1.015880e+04 1.018795e+04 1.016668e+04
6.5 1.016147e+04 1.019600e+04 1.017208e+04 1.013754e+04
7.5 1.023145e+04 1.024519e+04 1.016436e+04 1.015062e+04
8.5 1.023690e+04 1.023078e+04 1.016104e+04 1.016715e+04
9.5 1.018042e+04 1.019208e+04 1.015977e+04 1.014810e+04
10.5 1.016366e+04 1.016254e+04 1.016122e+04 1.016234e+04
0.5 1.016366e+04 1.016254e+04 1.016122e+04 1.016234e+04
1.5 1.018229e+04 1.019145e+04 1.020833e+04 1.019917e+04
2.5 1.025970e+04 1.023298e+04 1.025884e+04 1.028557e+04
3.5 1.027010e+04 1.021944e+04 1.024932e+04 1.029998e+04
4.5 1.022537e+04 1.018496e+04 1.021655e+04 1.025696e+04
5.5 1.019152e+04 1.015715e+04 1.018948e+04 1.022385e+04
6.5 1.015782e+04 1.014278e+04 1.017557e+04 1.019060e+04
7.5 1.020797e+04 1.018230e+04 1.021521e+04 1.024088e+04
8.5 1.025926e+04 1.022931e+04 1.026235e+04 1.029230e+04
9.5 1.023871e+04 1.021832e+04 1.025151e+04 1.027190e+04
10.5 1.019754e+04 1.018494e+04 1.021827e+04 1.023087e+04
0.5 1.015782e+04 1.014278e+04 1.017557e+04 1.019060e+04
1.5 1.020797e+04 1.018230e+04 1.021521e+04 1.024088e+04
2.5 1.025926e+04 1.022931e+04 1.026235e+04 1.029230e+04
3.5 1.023871e+04 1.021832e+04 1.025151e+04 1.027190e+04
4.5 1.019754e+04 1.018494e+04 1.021827e+04 1.023087e+04
5.5 1.018787e+04 1.015750e+04 1.019099e+04 1.022135e+04
6.5 1.020284e+04 1.014353e+04 1.017718e+04 1.023648e+04
7.5 1.020429e+04 1.018311e+04 1.021691e+04 1.023809e+04
8.5 1.025769e+04 1.023018e+04 1.026414e+04 1.029164e+04
9.5 1.021933e+04 1.021925e+04 1.025337e+04 1.025345e+04
10.5 1.016734e+04 1.018593e+04 1.022021e+04 1.020162e+04
0.5 1.020284e+04 1.014353e+04 1.017718e+04 1.023648e+04
1.5 1.020429e+04 1.018311e+04 1.021691e+04 1.023809e+04
2.5 1.025769e+04 1.023018e+04 1.026414e+04 1.029164e+04
3.5 1.021933e+04 1.021925e+04 1.025337e+04 1.025345e+04
4.5 1.016734e+04 1.018593e+04 1.022021e+04 1.020162e+04
5.5 1.015272e+04 1.015856e+04 1.019300e+04 1.018716e+04
6.5 1.012822e+04 1.014281e+04 1.017741e+04 1.016283e+04
7.5 1.013371e+04 1.013729e+04 1.016996e+04 1.016638e+04
8.5 1.017054e+04 1.018758e+04 1.016692e+04 1.014988e+04
9.5 1.022348e+04 1.024342e+04 1.016591e+04 1.014597e+04
10.5 1.019593e+04 1.023215e+04 1.016577e+04 1.012956e+04
0.5 1.014926e+04 1.014834e+04 1.017510e+04 1.017602e+04
1.5 1.018884e+04 1.019234e+04 1.022245e+04 1.021896e+04
2.5 1.022796e+04 1.024178e+04 1.027287e+04 1.025905e+04
3.5 1.019370e+04 1.023220e+04 1.026321e+04 1.022471e+04
4.5 1.016039e+04 1.019967e+04 1.023025e+04 1.019098e+04
5.5 1.015176e+04 1.017315e+04 1.020290e+04 1.018150e+04
6.5 1.015126e+04 1.015792e+04 1.018675e+04 1.018009e+04
7.5 1.013575e+04 1.015086e+04 1.017871e+04 1.016359e+04
