0.5 2.997442e+03 2.926771e+03 2.915332e+03 2.986003e+03
1.5 2.949316e+03 2.938988e+03 2.927232e+03 2.937559e+03
2.5 2.971567e+03 2.951955e+03 2.939895e+03 2.959507e+03
3.5 2.941669e+03 2.950022e+03 2.937672e+03 2.929319e+03
4.5 2.892509e+03 2.942311e+03 2.929684e+03 2.879882e+03
5.5 2.789858e+03 2.935160e+03 2.923102e+03 2.777801e+03
6.5 3.013359e+03 2.910337e+03 2.919314e+03 3.022335e+03
7.5 2.939271e+03 2.886115e+03 2.917534e+03 2.970690e+03
8.5 2.847871e+03 2.890000e+03 2.916838e+03 2.874709e+03
9.5 2.857328e+03 2.904843e+03 2.916644e+03 2.869128e+03
10.5 2.898261e+03 2.917783e+03 2.917117e+03 2.897595e+03
0.5 2.898261e+03 2.917783e+03 2.917117e+03 2.897595e+03
1.5 2.947856e+03 2.936946e+03 2.928908e+03 2.939819e+03
2.5 3.044592e+03 2.953280e+03 2.941540e+03 3.032853e+03
3.5 2.969219e+03 2.952732e+03 2.939277e+03 2.955764e+03
4.5 2.926797e+03 2.945485e+03 2.931243e+03 2.912554e+03
5.5 2.939479e+03 2.938416e+03 2.924614e+03 2.925677e+03
6.5 2.941677e+03 2.913573e+03 2.920783e+03 2.948888e+03
7.5 2.852075e+03 2.889200e+03 2.918964e+03 2.881840e+03
8.5 2.874095e+03 2.892946e+03 2.918229e+03 2.899378e+03
9.5 2.861796e+03 2.907661e+03 2.917996e+03 2.872132e+03
10.5 2.965023e+03 2.920472e+03 2.918429e+03 2.962981e+03
0.5 2.965023e+03 2.920472e+03 2.918429e+03 2.962981e+03
1.5 2.988901e+03 2.939501e+03 2.930181e+03 2.979580e+03
2.5 2.885176e+03 2.955699e+03 2.942771e+03 2.872249e+03
3.5 3.033936e+03 2.955009e+03 2.940462e+03 3.019388e+03
4.5 2.915859e+03 2.947615e+03 2.932376e+03 2.900619e+03
5.5 2.852143e+03 2.941233e+03 2.925697e+03 2.836607e+03
6.5 2.924382e+03 2.936704e+03 2.921819e+03 2.909497e+03
7.5 2.861571e+03 2.913594e+03 2.919954e+03 2.867931e+03
8.5 2.949700e+03 2.890167e+03 2.919174e+03 2.978708e+03
9.5 2.974851e+03 2.894284e+03 2.918897e+03 2.999464e+03
10.5 2.931719e+03 2.909083e+03 2.918827e+03 2.941463e+03
0.5 2.929113e+03 2.929264e+03 2.919574e+03 2.919423e+03
1.5 3.010730e+03 2.944511e+03 2.931319e+03 2.997538e+03
2.5 2.873122e+03 2.958541e+03 2.943830e+03 2.858411e+03
3.5 2.901482e+03 2.956749e+03 2.941442e+03 2.886175e+03
4.5 3.004229e+03 2.948793e+03 2.933279e+03 2.988715e+03
5.5 2.938265e+03 2.942132e+03 2.926523e+03 2.922656e+03
6.5 2.901324e+03 2.937300e+03 2.922566e+03 2.886590e+03
7.5 2.938651e+03 2.914029e+03 2.920625e+03 2.945247e+03
8.5 2.905761e+03 2.890447e+03 2.919770e+03 2.935084e+03
9.5 2.911640e+03 2.894417e+03 2.919420e+03 2.936643e+03
10.5 2.963541e+03 2.909077e+03 2.919280e+03 2.973743e+03
0.5 2.891328e+03 2.931749e+03 2.919471e+03 2.879050e+03
1.5 2.836345e+03 2.944942e+03 2.931164e+03 2.822566e+03
2.5 3.029493e+03 2.957986e+03 2.943625e+03 3.015133e+03
3.5 2.982625e+03 2.955748e+03 2.941190e+03 2.968068e+03
4.5 3.117013e+03 2.947631e+03 2.932984e+03 3.102366e+03
5.5 2.903963e+03 2.940794e+03 2.926189e+03 2.889357e+03
6.5 2.931651e+03 2.936767e+03 2.922198e+03 2.917082e+03
7.5 2.831925e+03 2.933928e+03 2.920226e+03 2.818223e+03
8.5 2.870214e+03 2.911727e+03 2.919343e+03 2.877831e+03
9.5 2.903935e+03 2.888637e+03 2.918967e+03 2.934266e+03
10.5 2.799629e+03 2.892809e+03 2.918804e+03 2.825625e+03
0.5 2.884400e+03 2.920208e+03 2.919133e+03 2.883326e+03
1.5 2.915552e+03 2.939064e+03 2.930826e+03 2.907314e+03
2.5 2.868600e+03 2.955026e+03 2.943287e+03 2.856861e+03
3.5 2.930134e+03 2.954114e+03 2.940854e+03 2.916873e+03
4.5 2.950322e+03 2.946514e+03 2.932649e+03 2.936458e+03
5.5 2.874383e+03 2.939939e+03 2.925857e+03 2.860301e+03
6.5 2.940370e+03 2.936063e+03 2.921870e+03 2.926176e+03
7.5 2.907776e+03 2.934529e+03 2.920361e+03 2.893607e+03
8.5 3.025553e+03 2.945349e+03 2.931206e+03 3.011410e+03
9.5 2.896858e+03 2.957443e+03 2.943326e+03 2.882742e+03
10.5 3.029377e+03 2.954851e+03 2.940762e+03 3.015287e+03
0.5 2.907776e+03 2.934529e+03 2.920361e+03 2.893607e+03
1.5 3.025553e+03 2.945349e+03 2.931206e+03 3.011410e+03
2.5 2.896858e+03 2.957443e+03 2.943326e+03 2.882742e+03
3.5 3.029377e+03 2.954851e+03 2.940762e+03 3.015287e+03
4.5 2.900166e+03 2.946546e+03 2.932486e+03 2.886105e+03
5.5 2.923125e+03 2.938890e+03 2.925696e+03 2.909931e+03
6.5 2.953902e+03 2.913583e+03 2.921711e+03 2.962030e+03
7.5 2.888313e+03 2.888897e+03 2.919744e+03 2.919161e+03
8.5 2.883856e+03 2.892350e+03 2.918867e+03 2.910373e+03
9.5 2.869284e+03 2.906790e+03 2.918497e+03 2.880991e+03
10.5 2.993206e+03 2.919337e+03 2.918799e+03 2.992668e+03
0.5 2.993206e+03 2.919337e+03 2.918799e+03 2.992668e+03
1.5 2.942451e+03 2.938111e+03 2.930425e+03 2.934766e+03
2.5 2.919953e+03 2.954059e+03 2.942894e+03 2.908787e+03
3.5 2.920298e+03 2.953127e+03 2.940466e+03 2.907636e+03
4.5 2.958651e+03 2.945498e+03 2.932264e+03 2.945416e+03
5.5 2.998260e+03 2.938054e+03 2.925473e+03 2.985680e+03
6.5 2.801402e+03 2.912845e+03 2.921487e+03 2.810044e+03
7.5 2.864682e+03 2.888117e+03 2.919517e+03 2.896083e+03
8.5 2.877579e+03 2.891525e+03 2.918637e+03 2.904691e+03
9.5 2.854747e+03 2.905915e+03 2.918262e+03 2.867094e+03
10.5 2.941879e+03 2.917950e+03 2.918101e+03 2.942031e+03
0.5 3.004320e+03 2.926664e+03 2.918025e+03 2.995681e+03
1.5 3.058646e+03 2.939724e+03 2.929711e+03 3.048633e+03
2.5 3.014724e+03 2.952631e+03 2.942166e+03 3.004259e+03
3.5 2.974435e+03 2.950254e+03 2.939727e+03 2.963907e+03
4.5 3.051592e+03 2.941995e+03 2.931518e+03 3.041114e+03
5.5 2.935303e+03 2.935011e+03 2.924721e+03 2.925013e+03
6.5 2.931787e+03 2.931290e+03 2.921190e+03 2.921687e+03
7.5 2.957624e+03 2.940849e+03 2.930940e+03 2.947715e+03
8.5 2.936129e+03 2.952269e+03 2.942552e+03 2.926412e+03
9.5 2.891281e+03 2.949304e+03 2.939777e+03 2.881754e+03
10.5 2.954920e+03 2.940785e+03 2.931447e+03 2.945582e+03
0.5 2.931787e+03 2.931290e+03 2.921190e+03 2.921687e+03
1.5 2.957624e+03 2.940849e+03 2.930940e+03 2.947715e+03
2.5 2.936129e+03 2.952269e+03 2.942552e+03 2.926412e+03
3.5 2.891281e+03 2.949304e+03 2.939777e+03 2.881754e+03
4.5 2.954920e+03 2.940785e+03 2.931447e+03 2.945582e+03
5.5 3.013497e+03 2.933747e+03 2.924594e+03 3.004344e+03
6.5 2.997660e+03 2.930054e+03 2.921083e+03 2.988688e+03
7.5 2.962496e+03 2.939650e+03 2.930857e+03 2.953703e+03
8.5 2.938713e+03 2.951114e+03 2.942495e+03 2.930095e+03
9.5 2.900014e+03 2.948197e+03 2.939750e+03 2.891567e+03
10.5 2.928667e+03 2.939734e+03 2.931453e+03 2.920386e+03
0.5 2.997660e+03 2.930054e+03 2.921083e+03 2.988688e+03
1.5 2.962496e+03 2.939650e+03 2.930857e+03 2.953703e+03
2.5 2.938713e+03 2.951114e+03 2.942495e+03 2.930095e+03
3.5 2.900014e+03 2.948197e+03 2.939750e+03 2.891567e+03
4.5 2.928667e+03 2.939734e+03 2.931453e+03 2.920386e+03
5.5 2.845917e+03 2.932761e+03 2.924635e+03 2.837791e+03
6.5 2.993037e+03 2.928689e+03 2.920704e+03 2.985052e+03
7.5 2.964093e+03 2.927110e+03 2.919258e+03 2.956241e+03
8.5 2.938792e+03 2.937898e+03 2.930173e+03 2.931066e+03
9.5 2.999080e+03 2.949976e+03 2.942372e+03 2.991476e+03
10.5 2.905459e+03 2.947390e+03 2.939898e+03 2.897966e+03
0.5 2.964093e+03 2.927110e+03 2.919258e+03 2.956241e+03
1.5 2.938792e+03 2.937898e+03 2.930173e+03 2.931066e+03
2.5 2.999080e+03 2.949976e+03 2.942372e+03 2.991476e+03
3.5 2.905459e+03 2.947390e+03 2.939898e+03 2.897966e+03
4.5 2.916351e+03 2.939113e+03 2.931723e+03 2.908960e+03
5.5 2.792437e+03 2.932340e+03 2.925040e+03 2.785136e+03
6.5 2.924853e+03 2.928389e+03 2.921166e+03 2.917631e+03
7.5 2.922851e+03 2.925649e+03 2.919323e+03 2.916525e+03
8.5 3.021795e+03 2.903579e+03 2.918586e+03 3.036802e+03
9.5 2.808501e+03 2.880652e+03 2.918373e+03 2.846222e+03
10.5 2.928015e+03 2.885021e+03 2.918390e+03 2.961385e+03
