1.038620e+04 1.026281e+04 1.022017e+04 1.042884e+04
1.030785e+04 1.026204e+04 1.027090e+04 1.029899e+04
1.030617e+04 1.026129e+04 1.032496e+04 1.024250e+04
1.029142e+04 1.026059e+04 1.031463e+04 1.023738e+04
1.024025e+04 1.025991e+04 1.027939e+04 1.022077e+04
1.019620e+04 1.026130e+04 1.025229e+04 1.020521e+04
1.021135e+04 1.031267e+04 1.028726e+04 1.023676e+04
1.029028e+04 1.036748e+04 1.033437e+04 1.032339e+04
1.030559e+04 1.035629e+04 1.032017e+04 1.034171e+04
1.025368e+04 1.031957e+04 1.028261e+04 1.029064e+04
1.023561e+04 1.028912e+04 1.025421e+04 1.027053e+04
1.026928e+04 1.027112e+04 1.028724e+04 1.025317e+04
1.031826e+04 1.026208e+04 1.033287e+04 1.024747e+04
1.036967e+04 1.025789e+04 1.031888e+04 1.030868e+04
1.033727e+04 1.025597e+04 1.028219e+04 1.031105e+04
1.033635e+04 1.025704e+04 1.025457e+04 1.033882e+04
1.036232e+04 1.030836e+04 1.028931e+04 1.038137e+04
1.041435e+04 1.036344e+04 1.033652e+04 1.044127e+04
1.039931e+04 1.035250e+04 1.032240e+04 1.042941e+04
1.031063e+04 1.031599e+04 1.028488e+04 1.034174e+04
1.026883e+04 1.028576e+04 1.025653e+04 1.029806e+04
1.027759e+04 1.026799e+04 1.028961e+04 1.025597e+04
1.035785e+04 1.025918e+04 1.033529e+04 1.028174e+04
1.031143e+04 1.025522e+04 1.032134e+04 1.024531e+04
1.025478e+04 1.025353e+04 1.028466e+04 1.022366e+04
1.022476e+04 1.025281e+04 1.025503e+04 1.022254e+04
1.022029e+04 1.025440e+04 1.023983e+04 1.023486e+04
1.026391e+04 1.030628e+04 1.028365e+04 1.028655e+04
1.032716e+04 1.036159e+04 1.033558e+04 1.035317e+04
1.030115e+04 1.035086e+04 1.032364e+04 1.032836e+04
1.021194e+04 1.031454e+04 1.028703e+04 1.023946e+04
1.020902e+04 1.028451e+04 1.025693e+04 1.023660e+04
1.018606e+04 1.026895e+04 1.024162e+04 1.021339e+04
1.022057e+04 1.031230e+04 1.028520e+04 1.024767e+04
1.028445e+04 1.036391e+04 1.033701e+04 1.031135e+04
1.024363e+04 1.035172e+04 1.032501e+04 1.027034e+04
1.019058e+04 1.031489e+04 1.028835e+04 1.021712e+04
1.020045e+04 1.028459e+04 1.025820e+04 1.022684e+04
1.021920e+04 1.026708e+04 1.024280e+04 1.024348e+04
1.026235e+04 1.025853e+04 1.028508e+04 1.023579e+04
1.033663e+04 1.025482e+04 1.033552e+04 1.025593e+04
1.034960e+04 1.025337e+04 1.032373e+04 1.027924e+04
1.032405e+04 1.025286e+04 1.028789e+04 1.028902e+04
1.028764e+04 1.025263e+04 1.025842e+04 1.028184e+04
1.026136e+04 1.025477e+04 1.024344e+04 1.027269e+04
1.030587e+04 1.030686e+04 1.028712e+04 1.032560e+04
1.033761e+04 1.036236e+04 1.033893e+04 1.036104e+04
1.030960e+04 1.035181e+04 1.032686e+04 1.033455e+04
1.026569e+04 1.031567e+04 1.029011e+04 1.029124e+04
1.024142e+04 1.028579e+04 1.025987e+04 1.026734e+04
1.022913e+04 1.026835e+04 1.024237e+04 1.025510e+04
1.021718e+04 1.026189e+04 1.023585e+04 1.024322e+04
1.026152e+04 1.031021e+04 1.028409e+04 1.028764e+04
1.036044e+04 1.036419e+04 1.033799e+04 1.038663e+04
1.033276e+04 1.035305e+04 1.032677e+04 1.035903e+04
1.028863e+04 1.031658e+04 1.029021e+04 1.031499e+04
1.026070e+04 1.028670e+04 1.026023e+04 1.028717e+04
1.022834e+04 1.026926e+04 1.024267e+04 1.025493e+04
1.021265e+04 1.026076e+04 1.023604e+04 1.023738e+04
1.026689e+04 1.025710e+04 1.028298e+04 1.024101e+04
1.033474e+04 1.025568e+04 1.033549e+04 1.025493e+04
1.032338e+04 1.025520e+04 1.032447e+04 1.025411e+04
1.027898e+04 1.025498e+04 1.028873e+04 1.024523e+04
1.023569e+04 1.025508e+04 1.025943e+04 1.023135e+04
1.028681e+04 1.025517e+04 1.024225e+04 1.029974e+04
1.026777e+04 1.025728e+04 1.023583e+04 1.028923e+04
1.028490e+04 1.030935e+04 1.028407e+04 1.031018e+04
1.038734e+04 1.036482e+04 1.033792e+04 1.041424e+04
1.033402e+04 1.035423e+04 1.032662e+04 1.036163e+04
1.026221e+04 1.031805e+04 1.028999e+04 1.029027e+04
1.019783e+04 1.028812e+04 1.026193e+04 1.022402e+04
1.023749e+04 1.027063e+04 1.029505e+04 1.021307e+04
1.030385e+04 1.026208e+04 1.034043e+04 1.022550e+04
1.031393e+04 1.025836e+04 1.032618e+04 1.024611e+04
1.027416e+04 1.025689e+04 1.028920e+04 1.024185e+04
1.030741e+04 1.025636e+04 1.025927e+04 1.030450e+04
1.028460e+04 1.025609e+04 1.024174e+04 1.029894e+04
1.026435e+04 1.025615e+04 1.023527e+04 1.028522e+04
1.032240e+04 1.025621e+04 1.028227e+04 1.029634e+04
1.038802e+04 1.025627e+04 1.033479e+04 1.030951e+04
1.035972e+04 1.025634e+04 1.032376e+04 1.029230e+04
1.026223e+04 1.025641e+04 1.028801e+04 1.023063e+04
1.020838e+04 1.025853e+04 1.026074e+04 1.020617e+04
1.024510e+04 1.031060e+04 1.029557e+04 1.026013e+04
1.033911e+04 1.036608e+04 1.034254e+04 1.036266e+04
1.033963e+04 1.035551e+04 1.032817e+04 1.036697e+04
1.027388e+04 1.031934e+04 1.029039e+04 1.030283e+04
1.023701e+04 1.028944e+04 1.026180e+04 1.026465e+04
1.025617e+04 1.027198e+04 1.029466e+04 1.023348e+04
1.032554e+04 1.026348e+04 1.034013e+04 1.024889e+04
1.033694e+04 1.025983e+04 1.032596e+04 1.027080e+04
1.027554e+04 1.025843e+04 1.028907e+04 1.024490e+04
1.026254e+04 1.026003e+04 1.026128e+04 1.026129e+04
1.028286e+04 1.031185e+04 1.029585e+04 1.029887e+04
1.037322e+04 1.036743e+04 1.034291e+04 1.039775e+04
1.039038e+04 1.035696e+04 1.032863e+04 1.041872e+04
1.034714e+04 1.032090e+04 1.029095e+04 1.037709e+04
1.030749e+04 1.029112e+04 1.026046e+04 1.033815e+04
1.026961e+04 1.027582e+04 1.024473e+04 1.030070e+04
1.032055e+04 1.031943e+04 1.028822e+04 1.035175e+04
1.037684e+04 1.037130e+04 1.033996e+04 1.040817e+04
1.035546e+04 1.035936e+04 1.032790e+04 1.038693e+04
1.030840e+04 1.032280e+04 1.029119e+04 1.034000e+04
1.029228e+04 1.029278e+04 1.026103e+04 1.032403e+04
1.030606e+04 1.027758e+04 1.024568e+04 1.033795e+04
1.031008e+04 1.032129e+04 1.028925e+04 1.034213e+04
1.037241e+04 1.037326e+04 1.034106e+04 1.040461e+04
1.033417e+04 1.036142e+04 1.032906e+04 1.036652e+04
1.027680e+04 1.032493e+04 1.029243e+04 1.030931e+04
1.025766e+04 1.029500e+04 1.026234e+04 1.029032e+04
1.022661e+04 1.027784e+04 1.024503e+04 1.025942e+04
1.023383e+04 1.026965e+04 1.023867e+04 1.026481e+04
1.026316e+04 1.026629e+04 1.028589e+04 1.024357e+04
1.031592e+04 1.026519e+04 1.033869e+04 1.024243e+04
1.029309e+04 1.026504e+04 1.032798e+04 1.023016e+04
1.025634e+04 1.026516e+04 1.029257e+04 1.022893e+04
1.025348e+04 1.026562e+04 1.026362e+04 1.025549e+04
1.025671e+04 1.026608e+04 1.024879e+04 1.027399e+04
1.031293e+04 1.026655e+04 1.029146e+04 1.028802e+04
1.036741e+04 1.026702e+04 1.034218e+04 1.029225e+04
1.033938e+04 1.026748e+04 1.033064e+04 1.027623e+04
1.029319e+04 1.026794e+04 1.029505e+04 1.026608e+04
1.027050e+04 1.026840e+04 1.026584e+04 1.027306e+04
1.026204e+04 1.026884e+04 1.025109e+04 1.027980e+04
1.031745e+04 1.026927e+04 1.029382e+04 1.029290e+04
1.036105e+04 1.026970e+04 1.034462e+04 1.028613e+04
1.041347e+04 1.027012e+04 1.033316e+04 1.035043e+04
1.040400e+04 1.027052e+04 1.029766e+04 1.037687e+04
1.034301e+04 1.027090e+04 1.026853e+04 1.034539e+04
1.030374e+04 1.027125e+04 1.025186e+04 1.032313e+04
1.026680e+04 1.027157e+04 1.024592e+04 1.029244e+04
1.030735e+04 1.027188e+04 1.029347e+04 1.028576e+04
1.034746e+04 1.027218e+04 1.034656e+04 1.027307e+04
1.032306e+04 1.027245e+04 1.033613e+04 1.025938e+04
1.026216e+04 1.027270e+04 1.030100e+04 1.023387e+04
1.022423e+04 1.027292e+04 1.027229e+04 1.022486e+04
1.025083e+04 1.027311e+04 1.025572e+04 1.026822e+04
1.025118e+04 1.027530e+04 1.024993e+04 1.027655e+04
1.028878e+04 1.032740e+04 1.029884e+04 1.031734e+04
1.033567e+04 1.038287e+04 1.035339e+04 1.036515e+04
1.030298e+04 1.037224e+04 1.034284e+04 1.033239e+04
1.026581e+04 1.033598e+04 1.030698e+04 1.029481e+04
1.025353e+04 1.030588e+04 1.027768e+04 1.028174e+04
1.025091e+04 1.028812e+04 1.026078e+04 1.027825e+04
1.023275e+04 1.027927e+04 1.025287e+04 1.025915e+04
1.024958e+04 1.027523e+04 1.024985e+04 1.027497e+04
