1.026913e+04 1.014417e+04 1.011878e+04 1.029452e+04
1.020560e+04 1.019849e+04 1.017239e+04 1.023170e+04
1.020938e+04 1.025629e+04 1.022951e+04 1.023615e+04
1.019187e+04 1.024614e+04 1.021872e+04 1.021928e+04
1.013881e+04 1.020968e+04 1.018165e+04 1.016683e+04
1.010123e+04 1.017964e+04 1.015287e+04 1.012799e+04
1.011311e+04 1.016235e+04 1.018227e+04 1.009318e+04
1.018677e+04 1.015422e+04 1.022397e+04 1.011703e+04
1.020257e+04 1.015105e+04 1.021062e+04 1.014300e+04
1.014880e+04 1.015016e+04 1.017636e+04 1.012261e+04
1.013302e+04 1.015232e+04 1.015084e+04 1.013450e+04
1.017649e+04 1.020614e+04 1.018830e+04 1.019433e+04
1.022694e+04 1.026379e+04 1.023774e+04 1.025299e+04
1.026984e+04 1.025346e+04 1.022360e+04 1.029971e+04
1.023779e+04 1.021679e+04 1.018518e+04 1.026941e+04
1.023202e+04 1.018654e+04 1.015590e+04 1.026265e+04
1.025326e+04 1.016905e+04 1.018506e+04 1.023725e+04
1.029683e+04 1.016075e+04 1.022682e+04 1.023076e+04
1.027938e+04 1.015740e+04 1.021352e+04 1.022326e+04
1.019341e+04 1.015633e+04 1.017928e+04 1.017047e+04
1.016292e+04 1.015831e+04 1.015378e+04 1.016745e+04
1.018620e+04 1.021195e+04 1.019126e+04 1.020689e+04
1.026314e+04 1.026941e+04 1.024072e+04 1.029183e+04
1.021896e+04 1.025887e+04 1.022658e+04 1.025125e+04
1.015933e+04 1.022197e+04 1.018814e+04 1.019316e+04
1.013268e+04 1.019148e+04 1.015700e+04 1.016717e+04
1.012652e+04 1.017378e+04 1.014074e+04 1.015957e+04
1.016865e+04 1.016527e+04 1.017939e+04 1.015453e+04
1.022121e+04 1.016171e+04 1.022610e+04 1.015682e+04
1.019279e+04 1.016044e+04 1.021508e+04 1.013815e+04
1.010988e+04 1.016012e+04 1.018175e+04 1.008825e+04
1.010827e+04 1.016006e+04 1.015439e+04 1.011394e+04
1.009002e+04 1.016032e+04 1.014050e+04 1.010984e+04
1.012592e+04 1.016056e+04 1.018015e+04 1.010633e+04
1.018054e+04 1.016077e+04 1.022727e+04 1.011404e+04
1.013867e+04 1.016097e+04 1.021639e+04 1.008326e+04
1.009112e+04 1.016115e+04 1.018309e+04 1.006918e+04
1.009969e+04 1.016131e+04 1.015572e+04 1.010528e+04
1.012232e+04 1.016353e+04 1.014202e+04 1.014383e+04
1.016619e+04 1.021714e+04 1.018786e+04 1.019547e+04
1.024593e+04 1.027425e+04 1.024159e+04 1.027858e+04
1.025120e+04 1.026334e+04 1.022937e+04 1.028517e+04
1.022140e+04 1.022609e+04 1.019165e+04 1.025584e+04
1.018359e+04 1.019525e+04 1.016060e+04 1.021824e+04
1.015919e+04 1.017719e+04 1.014449e+04 1.019189e+04
1.020457e+04 1.016833e+04 1.018297e+04 1.018993e+04
1.023516e+04 1.016443e+04 1.022952e+04 1.017007e+04
1.020342e+04 1.016283e+04 1.021833e+04 1.014792e+04
1.015881e+04 1.016219e+04 1.018484e+04 1.013616e+04
1.013874e+04 1.016181e+04 1.015730e+04 1.014325e+04
1.013212e+04 1.016175e+04 1.014139e+04 1.015248e+04
1.011787e+04 1.016168e+04 1.013545e+04 1.014410e+04
1.016212e+04 1.016160e+04 1.017929e+04 1.014443e+04
1.025092e+04 1.016152e+04 1.022827e+04 1.018417e+04
1.022217e+04 1.016143e+04 1.021805e+04 1.016555e+04
1.018551e+04 1.016134e+04 1.018481e+04 1.016204e+04
1.015862e+04 1.016123e+04 1.015755e+04 1.016230e+04
1.013070e+04 1.016110e+04 1.014157e+04 1.015024e+04
1.011759e+04 1.016307e+04 1.013581e+04 1.014484e+04
1.017357e+04 1.021643e+04 1.018585e+04 1.020416e+04
1.024303e+04 1.027331e+04 1.024143e+04 1.027491e+04
1.023020e+04 1.026220e+04 1.022988e+04 1.026251e+04
1.018100e+04 1.022474e+04 1.019223e+04 1.021351e+04
1.013631e+04 1.019373e+04 1.016131e+04 1.016873e+04
1.018428e+04 1.017551e+04 1.014317e+04 1.021662e+04
1.016559e+04 1.016651e+04 1.013609e+04 1.019600e+04
1.018348e+04 1.016248e+04 1.017939e+04 1.016657e+04
1.027897e+04 1.016077e+04 1.022809e+04 1.021165e+04
1.022687e+04 1.016002e+04 1.021773e+04 1.016916e+04
1.015873e+04 1.015955e+04 1.018437e+04 1.013392e+04
1.009969e+04 1.016152e+04 1.015914e+04 1.010207e+04
1.014499e+04 1.021489e+04 1.019660e+04 1.016328e+04
1.021432e+04 1.027177e+04 1.024571e+04 1.024038e+04
1.021800e+04 1.026066e+04 1.023123e+04 1.024743e+04
1.017827e+04 1.022321e+04 1.019244e+04 1.020905e+04
1.020668e+04 1.019221e+04 1.016095e+04 1.023794e+04
1.018511e+04 1.017401e+04 1.014251e+04 1.021662e+04
1.016720e+04 1.016713e+04 1.013567e+04 1.019865e+04
1.023198e+04 1.021663e+04 1.018523e+04 1.026337e+04
1.029155e+04 1.027195e+04 1.024061e+04 1.032288e+04
1.026048e+04 1.026024e+04 1.022897e+04 1.029176e+04
1.016300e+04 1.022247e+04 1.019126e+04 1.019421e+04
1.011540e+04 1.019148e+04 1.016219e+04 1.014468e+04
1.015212e+04 1.017329e+04 1.019133e+04 1.013408e+04
1.023508e+04 1.016431e+04 1.023278e+04 1.016660e+04
1.023157e+04 1.016031e+04 1.021917e+04 1.017270e+04
1.017380e+04 1.015862e+04 1.018460e+04 1.014781e+04
1.013753e+04 1.016000e+04 1.015880e+04 1.013873e+04
1.016147e+04 1.021306e+04 1.019600e+04 1.017853e+04
1.023145e+04 1.026997e+04 1.024519e+04 1.025623e+04
1.023690e+04 1.025889e+04 1.023078e+04 1.026501e+04
1.018042e+04 1.022146e+04 1.019208e+04 1.020980e+04
1.016366e+04 1.019046e+04 1.016254e+04 1.019158e+04
1.018229e+04 1.017227e+04 1.019145e+04 1.016311e+04
1.025970e+04 1.016328e+04 1.023298e+04 1.019000e+04
1.027010e+04 1.015926e+04 1.021944e+04 1.020991e+04
1.022537e+04 1.015755e+04 1.018496e+04 1.019796e+04
1.019152e+04 1.015681e+04 1.015715e+04 1.019118e+04
1.015782e+04 1.015635e+04 1.014278e+04 1.017139e+04
1.020797e+04 1.015623e+04 1.018230e+04 1.018190e+04
1.025926e+04 1.015610e+04 1.022931e+04 1.018605e+04
1.023871e+04 1.015596e+04 1.021832e+04 1.017634e+04
1.019754e+04 1.015581e+04 1.018494e+04 1.016841e+04
1.018787e+04 1.015566e+04 1.015750e+04 1.018602e+04
1.020284e+04 1.015550e+04 1.014353e+04 1.021481e+04
1.020429e+04 1.015534e+04 1.018311e+04 1.017653e+04
1.025769e+04 1.015518e+04 1.023018e+04 1.018269e+04
1.021933e+04 1.015502e+04 1.021925e+04 1.015510e+04
1.016734e+04 1.015486e+04 1.018593e+04 1.013627e+04
1.015272e+04 1.015470e+04 1.015856e+04 1.014886e+04
1.012822e+04 1.015453e+04 1.014281e+04 1.013995e+04
1.013371e+04 1.015647e+04 1.013729e+04 1.015288e+04
1.017054e+04 1.020980e+04 1.018758e+04 1.019277e+04
1.022348e+04 1.026665e+04 1.024342e+04 1.024671e+04
1.019593e+04 1.025552e+04 1.023215e+04 1.021930e+04
1.015574e+04 1.021805e+04 1.019479e+04 1.017900e+04
1.015391e+04 1.018703e+04 1.016419e+04 1.017675e+04
1.014993e+04 1.017091e+04 1.014849e+04 1.017235e+04
1.021240e+04 1.021541e+04 1.019342e+04 1.023440e+04
1.027085e+04 1.026841e+04 1.024684e+04 1.029242e+04
1.024268e+04 1.025575e+04 1.023460e+04 1.026383e+04
1.019064e+04 1.021773e+04 1.019700e+04 1.021136e+04
1.016405e+04 1.018645e+04 1.016613e+04 1.018437e+04
1.016073e+04 1.017042e+04 1.015050e+04 1.018064e+04
1.021806e+04 1.021503e+04 1.019551e+04 1.023758e+04
1.026491e+04 1.026815e+04 1.024902e+04 1.028404e+04
1.031017e+04 1.025562e+04 1.023687e+04 1.032892e+04
1.030136e+04 1.021775e+04 1.019937e+04 1.031974e+04
1.023886e+04 1.018663e+04 1.016860e+04 1.025689e+04
1.020261e+04 1.016869e+04 1.015097e+04 1.022033e+04
1.016759e+04 1.016209e+04 1.014466e+04 1.018502e+04
1.021002e+04 1.021191e+04 1.019476e+04 1.022717e+04
1.025205e+04 1.026759e+04 1.025071e+04 1.026893e+04
1.022192e+04 1.025630e+04 1.023967e+04 1.023855e+04
1.015742e+04 1.021898e+04 1.020258e+04 1.017382e+04
1.012023e+04 1.018848e+04 1.017228e+04 1.013644e+04
1.014886e+04 1.017080e+04 1.015477e+04 1.016489e+04
1.014926e+04 1.016239e+04 1.014834e+04 1.016331e+04
1.018884e+04 1.015903e+04 1.019234e+04 1.015553e+04
1.022796e+04 1.015805e+04 1.024178e+04 1.014423e+04
1.019370e+04 1.015813e+04 1.023220e+04 1.011963e+04
1.016039e+04 1.015856e+04 1.019967e+04 1.011928e+04
1.015176e+04 1.015940e+04 1.017315e+04 1.013800e+04
1.015126e+04 1.016031e+04 1.015792e+04 1.015365e+04
1.013575e+04 1.016130e+04 1.015086e+04 1.014618e+04
1.015298e+04 1.016237e+04 1.014827e+04 1.016708e+04
