2.997442e+03 2.910129e+03 2.926771e+03 2.980800e+03
2.949316e+03 2.918318e+03 2.938988e+03 2.928646e+03
2.971567e+03 2.927058e+03 2.951955e+03 2.946670e+03
2.941669e+03 2.925281e+03 2.950022e+03 2.916928e+03
2.892509e+03 2.919438e+03 2.942311e+03 2.869636e+03
2.789858e+03 2.915186e+03 2.935160e+03 2.769885e+03
3.013359e+03 2.927380e+03 2.910337e+03 3.030402e+03
2.939271e+03 2.941991e+03 2.886115e+03 2.995147e+03
2.847871e+03 2.938260e+03 2.890000e+03 2.896131e+03
2.857328e+03 2.927490e+03 2.904843e+03 2.879974e+03
2.898261e+03 2.919009e+03 2.917783e+03 2.899487e+03
2.947856e+03 2.922134e+03 2.936946e+03 2.933045e+03
3.044592e+03 2.928449e+03 2.953280e+03 3.019761e+03
2.969219e+03 2.925635e+03 2.952732e+03 2.942122e+03
2.926797e+03 2.919397e+03 2.945485e+03 2.900709e+03
2.939479e+03 2.915022e+03 2.938416e+03 2.916085e+03
2.941677e+03 2.927171e+03 2.913573e+03 2.955276e+03
2.852075e+03 2.941833e+03 2.889200e+03 2.904708e+03
2.874095e+03 2.938145e+03 2.892946e+03 2.919294e+03
2.861796e+03 2.927410e+03 2.907661e+03 2.881545e+03
2.965023e+03 2.918964e+03 2.920472e+03 2.963515e+03
2.988901e+03 2.922127e+03 2.939501e+03 2.971526e+03
2.885176e+03 2.928479e+03 2.955699e+03 2.857957e+03
3.033936e+03 2.925700e+03 2.955009e+03 3.004627e+03
2.915859e+03 2.919494e+03 2.947615e+03 2.887737e+03
2.852143e+03 2.914562e+03 2.941233e+03 2.825472e+03
2.924382e+03 2.912279e+03 2.936704e+03 2.899957e+03
2.861571e+03 2.925983e+03 2.913594e+03 2.873960e+03
2.949700e+03 2.941446e+03 2.890167e+03 3.000979e+03
2.974851e+03 2.938142e+03 2.894284e+03 3.018710e+03
2.931719e+03 2.927579e+03 2.909083e+03 2.950215e+03
2.924021e+03 2.918871e+03 2.921369e+03 2.921524e+03
2.968857e+03 2.914407e+03 2.927795e+03 2.955468e+03
2.988801e+03 2.926996e+03 2.910095e+03 3.005702e+03
2.935370e+03 2.941973e+03 2.889011e+03 2.988332e+03
2.766164e+03 2.938474e+03 2.894047e+03 2.810591e+03
2.836517e+03 2.927838e+03 2.909168e+03 2.855187e+03
3.032985e+03 2.919091e+03 2.921607e+03 3.030469e+03
2.929113e+03 2.914365e+03 2.929264e+03 2.914215e+03
3.010730e+03 2.920194e+03 2.944511e+03 2.986413e+03
2.873122e+03 2.927967e+03 2.958541e+03 2.842548e+03
2.901482e+03 2.925856e+03 2.956749e+03 2.870589e+03
3.004229e+03 2.919938e+03 2.948793e+03 2.975374e+03
2.938265e+03 2.915093e+03 2.942132e+03 2.911226e+03
2.901324e+03 2.912915e+03 2.937300e+03 2.876938e+03
2.938651e+03 2.926624e+03 2.914029e+03 2.951247e+03
2.905761e+03 2.942090e+03 2.890447e+03 2.957405e+03
2.911640e+03 2.938788e+03 2.894417e+03 2.956011e+03
2.963541e+03 2.928224e+03 2.909077e+03 2.982687e+03
2.949796e+03 2.919513e+03 2.921228e+03 2.948081e+03
2.890197e+03 2.914454e+03 2.928356e+03 2.876296e+03
2.968381e+03 2.912573e+03 2.930984e+03 2.949970e+03
2.852314e+03 2.926553e+03 2.911181e+03 2.867687e+03
2.961432e+03 2.942168e+03 2.889061e+03 3.014539e+03
2.870554e+03 2.938929e+03 2.893603e+03 2.915880e+03
2.953999e+03 2.928355e+03 2.908516e+03 2.973838e+03
2.936005e+03 2.919687e+03 2.920727e+03 2.934965e+03
2.957464e+03 2.914618e+03 2.927841e+03 2.944241e+03
2.891328e+03 2.912463e+03 2.931749e+03 2.872042e+03
2.836345e+03 2.919669e+03 2.944942e+03 2.811072e+03
3.029493e+03 2.928069e+03 2.957986e+03 2.999577e+03
2.982625e+03 2.926208e+03 2.955748e+03 2.953086e+03
3.117013e+03 2.920342e+03 2.947631e+03 3.089725e+03
2.903963e+03 2.915567e+03 2.940794e+03 2.878736e+03
2.931651e+03 2.912771e+03 2.936767e+03 2.907655e+03
2.831925e+03 2.911989e+03 2.933928e+03 2.809986e+03
2.870214e+03 2.926440e+03 2.911727e+03 2.884927e+03
2.903935e+03 2.942236e+03 2.888637e+03 2.957534e+03
2.799629e+03 2.939055e+03 2.892809e+03 2.845875e+03
2.901390e+03 2.928506e+03 2.907523e+03 2.922373e+03
2.884400e+03 2.920146e+03 2.920208e+03 2.884338e+03
2.915552e+03 2.923348e+03 2.939064e+03 2.899837e+03
2.868600e+03 2.929685e+03 2.955026e+03 2.843259e+03
2.930134e+03 2.926888e+03 2.954114e+03 2.902907e+03
2.950322e+03 2.920659e+03 2.946514e+03 2.924468e+03
2.874383e+03 2.915703e+03 2.939939e+03 2.850146e+03
2.940370e+03 2.912804e+03 2.936063e+03 2.917111e+03
2.907776e+03 2.911755e+03 2.934529e+03 2.885001e+03
3.025553e+03 2.919442e+03 2.945349e+03 2.999645e+03
2.896858e+03 2.928030e+03 2.957443e+03 2.867446e+03
3.029377e+03 2.926237e+03 2.954851e+03 3.000762e+03
2.900166e+03 2.920405e+03 2.946546e+03 2.874025e+03
2.923125e+03 2.916216e+03 2.938890e+03 2.900451e+03
2.953902e+03 2.928476e+03 2.913583e+03 2.968795e+03
2.888313e+03 2.943150e+03 2.888897e+03 2.942567e+03
2.883856e+03 2.939468e+03 2.892350e+03 2.930974e+03
2.869284e+03 2.928733e+03 2.906790e+03 2.891228e+03
2.993206e+03 2.920289e+03 2.919337e+03 2.994158e+03
2.942451e+03 2.923456e+03 2.938111e+03 2.927796e+03
2.919953e+03 2.929812e+03 2.954059e+03 2.895705e+03
2.920298e+03 2.927037e+03 2.953127e+03 2.894207e+03
2.958651e+03 2.920833e+03 2.945498e+03 2.933985e+03
2.998260e+03 2.916493e+03 2.938054e+03 2.976699e+03
2.801402e+03 2.928681e+03 2.912845e+03 2.817238e+03
2.864682e+03 2.943381e+03 2.888117e+03 2.919946e+03
2.877579e+03 2.939726e+03 2.891525e+03 2.925780e+03
2.854747e+03 2.929021e+03 2.905915e+03 2.877853e+03
2.941879e+03 2.920283e+03 2.917950e+03 2.944213e+03
2.899103e+03 2.915782e+03 2.924114e+03 2.890770e+03
2.858125e+03 2.928390e+03 2.906230e+03 2.880285e+03
2.985819e+03 2.943387e+03 2.884963e+03 3.044243e+03
2.943527e+03 2.939910e+03 2.889817e+03 2.993620e+03
2.891786e+03 2.929300e+03 2.904758e+03 2.916328e+03
2.904902e+03 2.920585e+03 2.917017e+03 2.908470e+03
2.881852e+03 2.916161e+03 2.923205e+03 2.874808e+03
2.891615e+03 2.928793e+03 2.905272e+03 2.915136e+03
2.811638e+03 2.943813e+03 2.883960e+03 2.871491e+03
2.857824e+03 2.940359e+03 2.888773e+03 2.909411e+03
2.926290e+03 2.929772e+03 2.903675e+03 2.952387e+03
2.698389e+03 2.921078e+03 2.915898e+03 2.703568e+03
3.003593e+03 2.916087e+03 2.922886e+03 2.996794e+03
3.004320e+03 2.914013e+03 2.926664e+03 2.991669e+03
3.058646e+03 2.921305e+03 2.939724e+03 3.040227e+03
3.014724e+03 2.929793e+03 2.952631e+03 2.991885e+03
2.974435e+03 2.928024e+03 2.950254e+03 2.952204e+03
3.051592e+03 2.922254e+03 2.941995e+03 3.031850e+03
2.935303e+03 2.917581e+03 2.935011e+03 2.917873e+03
2.931787e+03 2.915218e+03 2.931290e+03 2.915715e+03
2.957624e+03 2.922248e+03 2.940849e+03 2.939022e+03
2.936129e+03 2.930594e+03 2.952269e+03 2.914454e+03
2.891281e+03 2.928767e+03 2.949304e+03 2.870744e+03
2.954920e+03 2.923010e+03 2.940785e+03 2.937145e+03
3.013497e+03 2.918295e+03 2.933747e+03 2.998045e+03
2.997660e+03 2.915940e+03 2.930054e+03 2.983546e+03
2.962496e+03 2.922978e+03 2.939650e+03 2.945823e+03
2.938713e+03 2.931331e+03 2.951114e+03 2.918930e+03
2.900014e+03 2.929511e+03 2.948197e+03 2.881328e+03
2.928667e+03 2.923761e+03 2.939734e+03 2.912694e+03
2.845917e+03 2.919050e+03 2.932761e+03 2.832206e+03
2.993037e+03 2.916370e+03 2.928689e+03 2.980718e+03
2.964093e+03 2.915442e+03 2.927110e+03 2.952425e+03
2.938792e+03 2.923249e+03 2.937898e+03 2.924143e+03
2.999080e+03 2.931960e+03 2.949976e+03 2.981064e+03
2.905459e+03 2.930290e+03 2.947390e+03 2.888358e+03
2.916351e+03 2.924581e+03 2.939113e+03 2.901819e+03
2.792437e+03 2.919920e+03 2.932340e+03 2.780017e+03
2.924853e+03 2.917236e+03 2.928389e+03 2.913701e+03
2.922851e+03 2.916566e+03 2.925649e+03 2.913768e+03
3.021795e+03 2.931130e+03 2.903579e+03 3.049347e+03
2.808501e+03 2.947041e+03 2.880652e+03 2.874889e+03
2.928015e+03 2.943976e+03 2.885021e+03 2.986970e+03
2.918502e+03 2.933542e+03 2.899963e+03 2.952080e+03
2.963103e+03 2.924958e+03 2.912470e+03 2.975591e+03
2.863300e+03 2.919957e+03 2.919943e+03 2.863314e+03
2.937914e+03 2.917547e+03 2.923786e+03 2.931674e+03
2.902035e+03 2.916544e+03 2.925672e+03 2.892908e+03
