5.658665e+03 5.452416e+03 5.284669e+03 5.826412e+03
5.586520e+03 5.449760e+03 5.484616e+03 5.551664e+03
5.746886e+03 5.447222e+03 5.697691e+03 5.496417e+03
5.674849e+03 5.444799e+03 5.657410e+03 5.462238e+03
5.356188e+03 5.442489e+03 5.519110e+03 5.279567e+03
5.441453e+03 5.447247e+03 5.411796e+03 5.476904e+03
5.509861e+03 5.623160e+03 5.523204e+03 5.609817e+03
5.612466e+03 5.810855e+03 5.680601e+03 5.742719e+03
5.714918e+03 5.772544e+03 5.630441e+03 5.857021e+03
5.488272e+03 5.646783e+03 5.501372e+03 5.633683e+03
5.385531e+03 5.542518e+03 5.405157e+03 5.522893e+03
5.540632e+03 5.480870e+03 5.544276e+03 5.477225e+03
5.762820e+03 5.449907e+03 5.728385e+03 5.484341e+03
5.793495e+03 5.435556e+03 5.675503e+03 5.553547e+03
5.661848e+03 5.428972e+03 5.532121e+03 5.558698e+03
5.561132e+03 5.432661e+03 5.422951e+03 5.570841e+03
5.464861e+03 5.608392e+03 5.533458e+03 5.539795e+03
5.722897e+03 5.797021e+03 5.691114e+03 5.828804e+03
5.627301e+03 5.759546e+03 5.641129e+03 5.745718e+03
5.340948e+03 5.634527e+03 5.512141e+03 5.463334e+03
5.450302e+03 5.531008e+03 5.415999e+03 5.565312e+03
5.508546e+03 5.470138e+03 5.555210e+03 5.423474e+03
5.858366e+03 5.439971e+03 5.739411e+03 5.558926e+03
5.593558e+03 5.426420e+03 5.686533e+03 5.333445e+03
5.385138e+03 5.420637e+03 5.543081e+03 5.262694e+03
5.284225e+03 5.418157e+03 5.426891e+03 5.275491e+03
5.367296e+03 5.423600e+03 5.366302e+03 5.424594e+03
5.541335e+03 5.601282e+03 5.512233e+03 5.630384e+03
5.744188e+03 5.790692e+03 5.688367e+03 5.846514e+03
5.677722e+03 5.753936e+03 5.646878e+03 5.784780e+03
5.475086e+03 5.629580e+03 5.521337e+03 5.583329e+03
5.252495e+03 5.526707e+03 5.418222e+03 5.360980e+03
5.138426e+03 5.473434e+03 5.365910e+03 5.245949e+03
5.196190e+03 5.621901e+03 5.515265e+03 5.302826e+03
5.638614e+03 5.798637e+03 5.692816e+03 5.744435e+03
5.526364e+03 5.756885e+03 5.651807e+03 5.631442e+03
5.219809e+03 5.630754e+03 5.526350e+03 5.324213e+03
5.150440e+03 5.527013e+03 5.423195e+03 5.254258e+03
5.231137e+03 5.467046e+03 5.371522e+03 5.326661e+03
5.337487e+03 5.437760e+03 5.542218e+03 5.233029e+03
5.534569e+03 5.425054e+03 5.742520e+03 5.217102e+03
5.655594e+03 5.420066e+03 5.696869e+03 5.378792e+03
5.697175e+03 5.418337e+03 5.556153e+03 5.559359e+03
5.504316e+03 5.417541e+03 5.440327e+03 5.481530e+03
5.364806e+03 5.424864e+03 5.380289e+03 5.409381e+03
5.422422e+03 5.603253e+03 5.525617e+03 5.500058e+03
5.692425e+03 5.793329e+03 5.701145e+03 5.784609e+03
5.514467e+03 5.757194e+03 5.659045e+03 5.612616e+03
5.251642e+03 5.633419e+03 5.532889e+03 5.352173e+03
5.202402e+03 5.531092e+03 5.429132e+03 5.304363e+03
5.203266e+03 5.471370e+03 5.369182e+03 5.305453e+03
5.165047e+03 5.449256e+03 5.346801e+03 5.267501e+03
5.338985e+03 5.614740e+03 5.511997e+03 5.441728e+03
5.404309e+03 5.799584e+03 5.696535e+03 5.507358e+03
5.461758e+03 5.761434e+03 5.658058e+03 5.565134e+03
5.318344e+03 5.636540e+03 5.532814e+03 5.422070e+03
5.306392e+03 5.534220e+03 5.430090e+03 5.410521e+03
5.391907e+03 5.474491e+03 5.369900e+03 5.496498e+03
5.248818e+03 5.445401e+03 5.348130e+03 5.346090e+03
5.502347e+03 5.432852e+03 5.534659e+03 5.400540e+03
5.445992e+03 5.427983e+03 5.741955e+03 5.132020e+03
5.570854e+03 5.426336e+03 5.698852e+03 5.298338e+03
5.379017e+03 5.425588e+03 5.558379e+03 5.246226e+03
5.257908e+03 5.425938e+03 5.443037e+03 5.240809e+03
5.423083e+03 5.426242e+03 5.375402e+03 5.473923e+03
5.531938e+03 5.433490e+03 5.349069e+03 5.616358e+03
5.482432e+03 5.611787e+03 5.512339e+03 5.581880e+03
5.977410e+03 5.801757e+03 5.695907e+03 6.083260e+03
5.652136e+03 5.765500e+03 5.656875e+03 5.760761e+03
5.445425e+03 5.641584e+03 5.531213e+03 5.555796e+03
5.436987e+03 5.539101e+03 5.436070e+03 5.540017e+03
5.419238e+03 5.479190e+03 5.575243e+03 5.323185e+03
5.794521e+03 5.449917e+03 5.758145e+03 5.486292e+03
6.016786e+03 5.437185e+03 5.703979e+03 5.749991e+03
5.776084e+03 5.432136e+03 5.559240e+03 5.648981e+03
5.581140e+03 5.430315e+03 5.441772e+03 5.569682e+03
5.580213e+03 5.429381e+03 5.372946e+03 5.636648e+03
5.553198e+03 5.429590e+03 5.347461e+03 5.635327e+03
5.697508e+03 5.429803e+03 5.532331e+03 5.594980e+03
6.080859e+03 5.430024e+03 5.738909e+03 5.771973e+03
6.011860e+03 5.430253e+03 5.695482e+03 5.746631e+03
5.702892e+03 5.430496e+03 5.554810e+03 5.578578e+03
5.318325e+03 5.437737e+03 5.446446e+03 5.309617e+03
5.503833e+03 5.616068e+03 5.556927e+03 5.562974e+03
5.841046e+03 5.806076e+03 5.713448e+03 5.933674e+03
5.844028e+03 5.769858e+03 5.662300e+03 5.951587e+03
5.608263e+03 5.645996e+03 5.532130e+03 5.722128e+03
5.495344e+03 5.543591e+03 5.434872e+03 5.604063e+03
5.486935e+03 5.483810e+03 5.573045e+03 5.397701e+03
5.830218e+03 5.454709e+03 5.756243e+03 5.528684e+03
5.878394e+03 5.442193e+03 5.702377e+03 5.618209e+03
5.583618e+03 5.437406e+03 5.557950e+03 5.463073e+03
5.445304e+03 5.442874e+03 5.447797e+03 5.440381e+03
5.601225e+03 5.620366e+03 5.557410e+03 5.664180e+03
5.907163e+03 5.810701e+03 5.714216e+03 6.003649e+03
5.695015e+03 5.774838e+03 5.663364e+03 5.806489e+03
5.505208e+03 5.651356e+03 5.533503e+03 5.623061e+03
5.397225e+03 5.549356e+03 5.428760e+03 5.517821e+03
5.442712e+03 5.496958e+03 5.374651e+03 5.565020e+03
5.598296e+03 5.646306e+03 5.523538e+03 5.721065e+03
5.842896e+03 5.823928e+03 5.700661e+03 5.966163e+03
5.779562e+03 5.783068e+03 5.659273e+03 5.903358e+03
5.688186e+03 5.657843e+03 5.533498e+03 5.812532e+03
5.672445e+03 5.555041e+03 5.430129e+03 5.797356e+03
5.678663e+03 5.503002e+03 5.377512e+03 5.804153e+03
5.581831e+03 5.652696e+03 5.526619e+03 5.707908e+03
5.750465e+03 5.830643e+03 5.703969e+03 5.877138e+03
5.766348e+03 5.790091e+03 5.662816e+03 5.893623e+03
5.688079e+03 5.665161e+03 5.537279e+03 5.815960e+03
5.438711e+03 5.562635e+03 5.434147e+03 5.567200e+03
5.403913e+03 5.503898e+03 5.374804e+03 5.533007e+03
5.574902e+03 5.475835e+03 5.353941e+03 5.696797e+03
5.569403e+03 5.464344e+03 5.541418e+03 5.492330e+03
5.858157e+03 5.460567e+03 5.749706e+03 5.569018e+03
5.800642e+03 5.460046e+03 5.707650e+03 5.553037e+03
5.426152e+03 5.460458e+03 5.568289e+03 5.318321e+03
5.311079e+03 5.462031e+03 5.454149e+03 5.318960e+03
5.417765e+03 5.463618e+03 5.395604e+03 5.485780e+03
5.527583e+03 5.465215e+03 5.563218e+03 5.429580e+03
5.806286e+03 5.466816e+03 5.762518e+03 5.510583e+03
5.737032e+03 5.468414e+03 5.716874e+03 5.488572e+03
5.430849e+03 5.469993e+03 5.576631e+03 5.324211e+03
5.391784e+03 5.471538e+03 5.461481e+03 5.401841e+03
5.417603e+03 5.473053e+03 5.403215e+03 5.487440e+03
5.497011e+03 5.474545e+03 5.571131e+03 5.400426e+03
5.791655e+03 5.476011e+03 5.770752e+03 5.496914e+03
5.882569e+03 5.477442e+03 5.725446e+03 5.634565e+03
5.671721e+03 5.478829e+03 5.585565e+03 5.564985e+03
5.612118e+03 5.480125e+03 5.470772e+03 5.621471e+03
5.517608e+03 5.481308e+03 5.405030e+03 5.593886e+03
5.487975e+03 5.482419e+03 5.381516e+03 5.588878e+03
5.455305e+03 5.483480e+03 5.568414e+03 5.370371e+03
5.716652e+03 5.484486e+03 5.777123e+03 5.424015e+03
5.606203e+03 5.485423e+03 5.735936e+03 5.355690e+03
5.485126e+03 5.486276e+03 5.597597e+03 5.373805e+03
5.377600e+03 5.487032e+03 5.484569e+03 5.380064e+03
5.411531e+03 5.487683e+03 5.419266e+03 5.479948e+03
5.510627e+03 5.495177e+03 5.395376e+03 5.610429e+03
5.587454e+03 5.673598e+03 5.561254e+03 5.699798e+03
5.711774e+03 5.863562e+03 5.747595e+03 5.827742e+03
5.653265e+03 5.827169e+03 5.711488e+03 5.768946e+03
5.447353e+03 5.702979e+03 5.588881e+03 5.561450e+03
5.353730e+03 5.599916e+03 5.488953e+03 5.464693e+03
5.433106e+03 5.539090e+03 5.431539e+03 5.540657e+03
5.466888e+03 5.508766e+03 5.404909e+03 5.570745e+03
5.574334e+03 5.494955e+03 5.395085e+03 5.674204e+03
